Time (s),Accel_x (m/s2),Accel_y (m/s2),Accel_z (m/s2),RPM,Humidity (percentage),Amb_Temp (C),Water_Temp (C),Motor_Temp (C),noBond_height 1 (mm),Bond_height 2 (mm)
113.61,0.54,-2.16,9.19,37.24,95.0,23.6,20.21,46.41,,
113.65,0.36,-1.66,8.76,37.24,95.0,23.6,20.44,44.62,,
113.69,0.22,-2.2,8.02,37.24,95.0,23.6,19.97,46.41,-53.57666666666666,41.846666666666664
113.73,0.2,-3.66,9.46,37.24,95.0,23.6,20.09,46.78,-58.873333333333335,44.663333333333334
113.77,0.3,-3.77,8.42,37.24,95.0,23.6,20.56,47.92,-61.31666666666666,46.27333333333333
113.81,0.27,-3.66,8.78,37.24,95.0,23.6,19.39,46.78,-64.57333333333334,51.50666666666667
113.85,-0.11,-3.01,9.18,37.24,95.0,23.6,20.09,46.78,-62.943333333333335,52.71333333333333
113.89,0.28,-2.93,8.77,37.24,95.0,23.6,19.62,47.15,-60.5,53.92333333333334
113.93,0.42,-2.55,8.67,37.24,95.0,23.6,20.67,46.41,-51.946666666666665,53.52333333333333
113.97,0.2,-3.03,8.59,37.24,95.0,23.6,19.62,47.92,-42.169999999999995,54.330000000000005
114.01,0.05,-3.5,9.12,37.24,95.0,23.6,19.62,45.68,-29.540000000000003,53.92666666666667
114.05,0.09,-3.3,8.98,37.24,95.0,23.6,20.44,44.28,-17.316666666666666,49.9
114.09,0.37,-2.13,9.08,37.24,95.0,23.6,19.86,47.92,-7.133333333333333,46.276666666666664
114.13,0.44,-1.26,8.83,37.24,95.0,23.6,19.86,46.04,3.4600000000000004,42.65333333333333
114.17,0.14,-0.78,9.17,37.24,95.0,23.6,19.86,45.68,12.013333333333334,39.43333333333333
114.21,0.35,-1.29,9.19,37.24,95.0,23.6,20.44,44.62,20.163333333333334,35.809999999999995
114.25,0.27,-1.58,9.0,37.24,95.0,23.6,20.44,44.97,27.086666666666662,29.77
114.29,0.13,-1.15,9.04,37.24,95.0,23.6,20.09,46.04,32.79,22.12
114.33,0.2,-0.42,9.07,37.24,95.0,23.6,20.9,44.62,38.49333333333333,14.066666666666668
114.37,0.29,0.68,9.03,37.24,95.0,23.6,20.09,46.78,43.79,5.21
114.41,0.41,0.97,8.91,37.24,95.0,23.6,20.79,48.32,46.64333333333334,-1.6366666666666667
114.45,0.61,0.73,9.07,37.24,95.0,23.6,20.67,44.62,48.27333333333333,-9.686666666666666
114.49,0.09,0.42,9.47,37.24,95.0,23.6,19.62,44.62,49.90333333333333,-17.74
114.53,-0.29,0.81,9.5,37.24,95.0,23.6,20.44,45.68,49.49333333333333,-24.180000000000003
114.57,0.5,1.78,9.12,37.24,95.0,23.6,19.39,47.15,48.27,-31.426666666666666
114.61,0.21,2.89,9.31,37.24,95.0,23.6,20.44,45.68,44.60333333333333,-36.25666666666667
114.65,0.27,2.95,9.33,37.24,95.0,23.6,20.56,44.62,44.60333333333333,-41.89333333333334
114.69,0.14,2.57,9.53,37.24,95.0,23.6,19.62,46.04,42.97333333333333,-45.116666666666674
114.73,0.15,1.57,8.98,37.24,95.0,23.6,20.44,45.68,39.306666666666665,-49.14333333333334
114.77,0.1,2.04,9.66,37.24,95.0,23.6,19.86,46.41,33.196666666666665,-50.75333333333333
114.81,0.2,2.92,9.58,37.24,95.0,23.6,19.62,47.92,29.936666666666667,-50.75333333333333
114.85,0.36,3.73,8.87,37.24,95.0,23.6,19.86,45.68,24.233333333333334,-49.14333333333334
114.89,0.77,1.57,9.42,37.24,95.0,23.6,20.44,45.68,18.53,-46.326666666666675
114.93,0.05,0.33,9.19,37.24,95.0,23.6,19.86,46.41,10.383333333333333,-41.89666666666667
114.97,0.31,0.64,8.66,37.24,95.0,23.6,20.44,46.04,3.0499999999999994,-37.06333333333333
115.01,0.69,0.63,9.2,37.24,95.0,23.6,19.27,46.41,-4.69,-28.206666666666667
115.05,0.07,1.55,8.74,37.24,95.0,23.6,20.56,44.28,-13.653333333333334,-18.143333333333334
115.09,0.19,-0.09,8.84,37.24,95.0,23.6,21.25,47.92,-20.576666666666668,-6.066666666666666
115.13,0.16,-1.55,8.9,37.24,95.0,23.6,21.02,46.04,-29.540000000000003,4.403333333333333
115.17,0.42,-2.15,8.73,37.24,95.0,23.6,19.62,45.32,-37.279999999999994,15.276666666666666
115.21,0.82,-2.22,9.11,37.24,95.0,23.6,20.09,45.68,-42.57666666666666,25.343333333333334
115.25,0.3,-1.89,9.13,37.24,95.0,23.6,19.86,47.15,-47.46333333333333,32.18666666666667
115.29,0.35,-2.19,8.08,37.24,95.0,23.6,20.44,44.62,-49.49999999999999,38.22333333333333
115.33,0.58,-3.59,8.8,37.24,95.0,23.6,20.67,44.62,-55.60999999999999,43.053333333333335
115.37,0.33,-3.94,9.22,37.24,95.0,23.6,20.44,46.04,-58.053333333333335,46.27333333333333
115.41,0.37,-3.8,9.08,37.24,95.0,23.6,19.62,45.68,-61.72,49.89666666666667
115.45,0.47,-3.33,9.04,37.24,95.0,23.6,20.56,45.68,-59.68333333333334,52.71666666666666
115.49,0.64,-3.28,8.73,37.24,95.0,23.6,21.59,44.62,-58.46333333333333,55.53666666666666
115.53,0.35,-2.77,9.39,37.24,95.0,23.6,21.71,46.04,-50.31333333333333,54.32999999999999
115.57,0.29,-4.09,9.93,37.24,95.0,23.6,20.67,44.62,-43.38999999999999,52.31666666666666
115.61,0.52,-3.57,9.05,37.24,95.0,23.6,19.86,47.92,-32.38999999999999,51.91333333333333
115.65,0.18,-3.26,9.03,37.24,95.0,23.6,20.9,44.62,-23.019999999999996,50.303333333333335
115.69,0.16,-2.45,9.37,37.24,95.0,23.6,19.62,47.92,-11.206666666666663,49.9
115.73,0.21,-1.42,8.89,37.24,95.0,23.6,19.86,47.92,1.8300000000000025,45.87333333333333
115.77,0.45,-1.23,9.28,37.24,95.0,23.6,17.85,46.41,14.050000000000002,41.04333333333333
115.81,0.21,-1.36,9.09,37.24,95.0,23.6,20.21,46.04,22.200000000000003,34.199999999999996
115.85,0.25,-1.18,8.83,37.24,95.0,23.6,19.97,45.68,27.903333333333336,28.966666666666665
115.89,0.18,-1.18,9.03,37.24,95.0,23.6,20.09,46.04,31.570000000000004,22.12
115.93,0.19,-0.47,9.09,37.24,95.0,23.6,20.56,46.04,38.086666666666666,14.469999999999997
115.97,0.33,0.27,9.14,37.24,95.0,23.6,20.44,44.62,43.79,7.22333333333333
116.01,0.51,0.55,9.11,37.24,95.0,23.6,19.86,46.04,46.63999999999999,1.1833333333333307
116.05,0.7,0.89,8.95,37.24,95.0,23.6,21.13,46.41,49.083333333333336,-4.050000000000003
116.09,0.9,0.49,8.77,37.24,95.0,23.6,19.86,47.92,48.67666666666667,-11.296666666666669
116.13,0.42,1.05,8.82,37.24,95.0,23.6,20.21,45.68,50.30666666666667,-18.543333333333337
116.17,0.19,1.62,9.37,37.24,95.0,23.6,20.09,46.04,48.68000000000001,-27.803333333333338
116.21,0.47,2.48,9.13,37.24,95.0,23.6,19.74,45.68,49.086666666666666,-35.050000000000004
116.25,0.26,2.99,9.22,37.24,95.0,23.6,20.09,46.78,46.23666666666667,-42.296666666666674
116.29,0.21,3.06,9.34,37.24,95.0,23.6,20.21,45.68,45.419999999999995,-45.52
116.33,0.17,1.96,9.11,37.24,95.0,23.6,20.09,46.04,40.93666666666667,-50.35333333333333
116.37,0.36,1.95,8.97,37.24,95.0,23.6,20.44,44.28,38.083333333333336,-53.97666666666667
116.41,0.38,2.3,9.01,37.24,95.0,23.6,19.74,46.41,32.38,-56.79333333333333
116.45,0.6,2.93,9.07,37.24,95.0,23.6,20.21,46.04,26.27,-55.98666666666667
116.49,0.19,2.29,9.01,37.24,95.0,23.6,20.79,44.62,19.753333333333334,-50.35
116.53,0.26,1.86,9.34,37.24,95.0,23.6,20.09,47.15,13.643333333333336,-46.323333333333345
116.57,-0.3,1.5,9.09,37.24,95.0,23.6,20.09,46.78,8.75666666666667,-40.28333333333334
116.61,0.59,-0.24,9.35,37.24,95.0,23.6,19.86,46.04,-0.613333333333331,-32.230000000000004
116.65,0.12,0.2,9.34,37.24,95.0,23.6,20.44,44.62,-10.796666666666665,-18.94666666666667
116.69,0.06,0.19,9.04,37.24,95.0,23.6,19.39,46.04,-20.98333333333333,-6.4666666666666694
116.73,-0.11,-1.28,8.89,37.24,95.0,23.6,20.09,46.04,-27.909999999999997,3.5966666666666645
116.77,-0.44,-1.76,8.8,37.24,95.0,23.6,20.44,46.04,-33.20666666666666,11.246666666666664
116.81,-0.61,-1.85,8.48,37.24,95.0,23.6,19.86,45.32,-37.279999999999994,18.896666666666665
116.85,0.4,-2.91,8.93,37.24,95.0,23.6,20.67,47.92,-42.166666666666664,25.34
116.89,-0.22,-2.01,7.88,37.24,95.0,23.6,20.44,44.62,-47.87,33.79666666666666
116.93,-0.07,-3.39,8.89,37.24,95.0,23.6,19.86,46.04,-54.38666666666666,41.04333333333333
116.97,-0.15,-3.74,8.75,37.24,95.0,23.6,20.32,46.04,-59.276666666666664,46.68
117.01,-0.2,-3.81,9.28,37.24,95.0,23.6,20.21,44.28,-62.943333333333335,51.10666666666666
117.05,0.08,-3.08,8.99,37.24,95.0,23.6,20.32,46.04,-62.53666666666667,53.52333333333333
117.09,0.35,-3.08,8.76,37.24,95.0,23.6,20.09,46.04,-60.5,54.32666666666666
117.13,0.26,-3.61,9.47,37.24,95.0,23.6,20.56,46.78,-53.98333333333333,53.52333333333333
117.17,0.4,-3.64,9.4,37.24,95.0,23.6,19.62,46.04,-47.46666666666666,53.52333333333333
117.21,0.54,-3.95,9.3,37.24,95.0,23.6,18.8,45.32,-35.24333333333333,52.72
117.25,0.31,-3.41,9.17,37.24,95.0,23.6,20.56,44.97,-22.613333333333333,51.51
117.29,0.19,-2.65,9.24,37.24,95.0,23.6,19.86,46.04,-11.206666666666665,47.88666666666666
117.33,0.08,-1.7,9.48,37.24,95.0,23.6,20.79,46.04,-0.6166666666666671,44.666666666666664
117.37,0.31,-0.87,8.49,37.24,95.0,23.6,21.36,44.62,6.716666666666666,39.43333333333333
117.41,0.65,-1.17,8.94,37.24,95.0,23.6,21.02,46.78,18.533333333333335,35.00333333333333
117.45,0.06,-1.14,8.98,37.24,95.0,23.6,20.9,44.62,25.459999999999997,30.169999999999998
117.49,0.32,-1.17,8.85,37.24,95.0,23.6,21.36,44.28,33.199999999999996,23.326666666666664
117.53,0.22,-0.79,9.14,37.24,95.0,23.6,20.09,47.92,37.27333333333333,16.08
117.57,0.19,0.16,9.08,37.24,95.0,23.6,20.44,44.62,42.57,10.443333333333332
117.61,-0.08,0.86,8.94,37.24,95.0,23.6,19.74,45.68,47.45666666666667,4.403333333333331
117.65,-0.14,0.78,8.96,37.24,95.0,23.6,20.21,44.28,49.086666666666666,-2.0400000000000023
117.69,-0.09,0.53,9.55,37.24,95.0,23.6,19.97,46.04,49.086666666666666,-10.89666666666667
117.73,-0.02,0.41,8.97,37.24,95.0,23.6,20.09,46.78,47.46,-19.753333333333334
117.77,0.19,1.21,9.25,37.24,95.0,23.6,19.86,46.04,47.46,-28.206666666666667
117.81,0.04,1.93,9.11,37.24,95.0,23.6,20.32,44.62,48.27333333333333,-36.26
117.85,0.14,3.76,9.38,37.24,95.0,23.6,20.09,44.62,47.86333333333334,-42.70000000000001
117.89,0.37,3.0,9.6,37.24,95.0,23.6,19.62,45.32,45.00999999999999,-46.32333333333333
117.93,0.07,1.97,9.1,37.24,95.0,23.6,19.62,46.04,40.53,-48.73666666666667
117.97,0.18,1.81,9.02,37.24,95.0,23.6,20.44,44.28,36.86333333333334,-51.153333333333336
118.01,0.31,2.23,8.87,37.24,95.0,23.6,21.02,44.62,35.63999999999999,-52.35999999999999
118.05,0.28,3.27,9.08,37.24,95.0,23.6,20.09,46.04,33.19333333333333,-53.57
118.09,0.46,3.1,9.32,37.24,95.0,23.6,21.02,44.62,30.343333333333334,-50.75333333333334
118.13,0.65,1.67,8.85,37.24,95.0,23.6,19.86,45.68,23.42,-49.546666666666674
118.17,0.15,0.59,9.64,37.24,95.0,23.6,17.97,47.92,15.68,-42.300000000000004
118.21,0.17,0.33,9.08,37.24,95.0,23.6,19.62,45.68,7.94,-33.440000000000005
118.25,0.44,0.85,9.36,37.24,95.0,23.6,20.56,44.62,2.6433333333333335,-21.363333333333333
118.29,0.77,0.39,9.24,37.24,95.0,23.6,20.21,44.62,-4.28,-9.283333333333337
118.33,0.45,-0.68,9.12,37.24,95.0,23.6,20.44,44.62,-13.65,2.7933333333333312
118.37,0.36,-1.47,9.12,37.24,95.0,23.6,19.86,45.68,-23.02,12.86
118.41,0.18,-1.71,8.95,37.24,95.0,23.6,20.44,44.28,-30.353333333333328,20.106666666666666
118.45,0.71,-2.61,9.54,37.24,95.0,23.6,20.56,44.62,-34.42666666666667,26.146666666666665
118.49,0.74,-2.64,9.76,37.24,95.0,23.6,19.97,46.04,-38.90666666666666,32.99
118.53,0.23,-2.46,9.78,37.24,95.0,23.6,20.21,45.32,-44.60999999999999,37.81999999999999
118.57,0.44,-3.8,9.13,37.24,95.0,23.6,20.21,45.32,-51.94333333333333,43.456666666666656
118.61,0.18,-3.74,9.55,37.24,95.0,23.6,20.56,44.28,-56.833333333333336,47.88666666666666
118.65,0.55,-3.44,8.76,37.24,95.0,23.6,20.44,44.62,-58.05666666666667,53.92666666666667
118.69,0.5,-3.4,9.27,37.24,95.0,23.6,20.09,46.04,-59.28,55.133333333333326
118.73,0.61,-3.13,8.8,37.24,95.0,23.6,20.44,44.97,-59.279999999999994,55.93666666666667
118.77,0.45,-2.93,8.61,37.24,95.0,23.6,20.44,44.62,-54.38999999999999,55.133333333333326
118.81,0.24,-3.18,8.6,37.24,95.0,23.6,19.62,46.04,-46.24,55.53666666666666
118.85,0.3,-3.54,9.05,37.24,95.0,23.6,20.21,45.68,-33.61,53.926666666666655
118.89,0.23,-2.77,8.95,37.24,95.0,23.6,19.27,46.04,-23.833333333333332,51.913333333333334
118.93,0.49,-1.79,8.69,37.24,95.0,23.6,20.56,44.62,-9.576666666666668,48.28999999999999
118.97,0.31,-1.02,9.23,37.24,95.0,23.6,19.86,46.04,0.6066666666666661,44.666666666666664
119.01,0.11,-1.0,8.99,37.24,95.0,23.6,18.09,44.62,12.826666666666668,40.23666666666666
119.05,0.28,-1.28,9.15,37.24,95.0,23.6,20.9,44.62,20.566666666666666,34.196666666666665
119.09,0.31,-1.43,9.17,37.24,95.0,23.6,19.97,44.62,29.53,28.56
119.13,0.08,-0.92,9.08,37.24,95.0,23.6,20.09,46.04,34.01333333333333,20.506666666666664
119.17,0.2,0.11,8.93,37.24,95.0,23.6,19.27,48.32,38.903333333333336,13.259999999999996
119.21,0.39,0.89,9.2,37.24,95.0,23.6,19.86,45.32,42.57,2.7933333333333312
119.25,0.51,0.97,9.16,37.24,95.0,23.6,20.56,46.04,46.23666666666667,-5.256666666666669
119.29,0.7,0.34,9.13,37.24,95.0,23.6,20.67,44.62,49.49333333333333,-13.710000000000003
119.33,-0.13,0.28,9.26,37.24,95.0,23.6,20.21,45.68,50.306666666666665,-18.943333333333335
119.37,0.46,0.93,8.81,37.24,95.0,23.6,20.21,46.04,50.71333333333333,-24.580000000000002
119.41,0.32,1.74,9.12,37.24,95.0,23.6,19.97,44.62,49.49333333333333,-29.816666666666674
119.45,0.27,3.79,9.13,37.24,95.0,23.6,20.44,45.68,47.86333333333332,-35.856666666666676
119.49,0.4,2.96,9.35,37.24,95.0,23.6,20.09,44.62,47.45666666666667,-41.49333333333334
119.53,0.28,2.5,9.41,37.24,95.0,23.6,20.44,44.28,45.419999999999995,-47.13
119.57,0.2,1.41,8.97,37.24,95.0,23.6,19.62,46.04,42.163333333333334,-50.35
119.61,0.22,2.31,9.0,37.24,95.0,23.6,20.44,44.28,38.086666666666666,-53.57
119.65,0.3,2.91,9.36,37.24,95.0,23.6,20.56,46.04,34.82666666666666,-54.373333333333335
119.69,0.45,3.67,9.19,37.24,95.0,23.6,19.74,45.68,30.753333333333327,-52.36000000000001
119.73,0.48,1.37,9.33,37.24,95.0,23.6,20.44,44.28,25.459999999999997,-49.54333333333333
119.77,0.24,1.25,9.41,37.24,95.0,23.6,19.86,46.04,17.31333333333333,-43.50333333333334
119.81,0.09,0.98,8.86,37.24,95.0,23.6,19.86,46.04,11.609999999999998,-37.86666666666667
119.85,0.26,0.57,9.17,37.24,95.0,23.6,20.09,46.04,3.4599999999999973,-26.593333333333337
119.89,0.14,0.43,8.91,37.24,95.0,23.6,20.32,46.04,-4.280000000000002,-15.323333333333336
119.93,-0.16,-0.13,8.79,37.24,95.0,23.6,20.32,46.41,-13.243333333333334,-5.2600000000000025
119.97,-0.14,-1.33,8.81,37.24,95.0,23.6,20.32,46.04,-21.39,5.206666666666664
120.01,-0.54,-1.86,8.79,37.24,95.0,23.6,20.32,46.04,-27.910000000000007,14.869999999999997
120.05,0.42,-2.14,8.88,37.24,95.0,23.6,20.21,45.68,-34.02,26.546666666666663
120.09,0.44,-3.11,9.24,37.24,95.0,23.6,19.86,45.68,-40.53666666666667,33.39333333333333
120.13,0.51,-3.42,8.01,37.24,95.0,23.6,19.86,46.04,-47.05333333333334,41.04333333333333
120.17,0.63,-4.24,9.64,37.24,95.0,23.6,19.62,45.68,-52.75666666666667,45.873333333333335
120.21,0.11,-3.79,9.02,37.24,95.0,23.6,19.62,46.04,-57.24,50.29999999999999
120.25,0.25,-3.92,9.57,37.24,95.0,23.6,19.62,45.68,-59.27666666666667,53.12
120.29,0.35,-3.46,9.47,37.24,95.0,23.6,20.44,44.28,-60.5,51.91333333333333
120.33,0.35,-3.28,9.11,37.24,95.0,23.6,18.68,44.62,-56.833333333333336,52.71999999999999
120.37,0.38,-2.97,8.79,37.24,95.0,23.6,19.62,46.04,-52.76,52.31666666666666
120.41,0.26,-2.96,8.44,37.24,95.0,23.6,19.62,46.04,-45.42666666666667,52.72
120.45,0.14,-3.88,9.12,37.24,95.0,23.6,19.86,45.68,-38.093333333333334,49.5
120.49,0.27,-3.16,8.81,37.24,95.0,23.6,20.44,44.97,-27.093333333333334,46.28
120.53,0.34,-2.22,8.87,37.24,95.0,23.6,20.67,44.62,-16.503333333333334,44.67
120.57,0.54,-1.23,9.15,37.24,95.0,23.6,20.44,46.41,-1.8366666666666684,41.849999999999994
120.61,0.53,-0.73,8.95,37.24,95.0,23.6,19.97,44.97,8.75333333333333,39.43333333333334
120.65,0.31,-1.27,9.05,37.24,95.0,23.6,20.44,43.94,19.346666666666664,33.79666666666666
120.69,0.38,-1.46,9.11,37.24,95.0,23.6,20.44,44.62,25.049999999999997,30.576666666666664
120.73,0.02,-1.18,9.03,37.24,95.0,23.6,20.21,44.97,31.976666666666663,22.926666666666666
120.77,0.12,-0.25,8.92,37.24,95.0,23.6,20.09,45.32,39.31,16.079999999999995
120.81,-0.01,0.43,9.08,37.24,95.0,23.6,20.32,46.04,43.79,6.819999999999998
120.85,0.25,1.16,8.66,37.24,95.0,23.6,19.97,44.28,47.04999999999999,-1.2333333333333354
120.89,0.24,0.86,8.98,37.24,95.0,23.6,19.62,47.92,45.82666666666666,-9.283333333333335
120.93,-0.28,0.62,8.99,37.24,95.0,23.6,19.86,47.92,46.64333333333334,-16.12666666666667
120.97,0.51,0.18,8.94,37.24,95.0,23.6,19.39,46.04,45.419999999999995,-23.373333333333335
121.01,0.34,1.29,8.85,37.24,95.0,23.6,19.97,46.04,45.419999999999995,-29.413333333333338
121.05,0.32,3.01,9.02,37.24,95.0,23.6,19.39,46.04,44.60333333333333,-36.26
121.09,0.29,3.55,9.18,37.24,95.0,23.6,20.9,45.68,45.01,-42.699999999999996
121.13,0.34,3.21,9.3,37.24,95.0,23.6,19.97,45.32,45.82666666666666,-48.74
121.17,0.09,1.68,9.23,37.24,95.0,23.6,19.74,44.62,45.419999999999995,-52.36333333333334
121.21,0.24,1.8,8.92,37.24,95.0,23.6,20.67,44.62,42.97666666666667,-52.36333333333334
121.25,0.44,2.74,9.41,37.24,95.0,23.6,23.31,45.32,39.309999999999995,-51.55666666666667
121.29,-0.04,3.8,8.97,37.24,95.0,23.6,20.09,44.62,34.419999999999995,-49.54333333333333
121.33,0.78,2.27,8.88,37.24,95.0,23.6,19.62,46.04,28.31,-47.13
121.37,0.75,1.64,8.43,37.24,95.0,23.6,19.74,45.68,21.789999999999996,-42.300000000000004
121.41,0.47,0.72,8.91,37.24,95.0,23.6,20.09,46.04,14.049999999999997,-37.470000000000006
121.45,0.23,0.86,8.86,37.24,95.0,23.6,21.36,45.68,6.716666666666664,-28.610000000000003
121.49,-0.06,0.93,8.75,37.24,95.0,23.6,19.62,46.04,-2.243333333333336,-19.753333333333334
121.53,0.14,0.19,8.77,37.24,95.0,23.6,20.21,45.68,-8.760000000000003,-7.270000000000002
121.57,0.0,-1.31,8.86,37.24,95.0,23.6,20.32,45.32,-14.463333333333338,2.3899999999999983
121.61,0.12,-2.0,8.87,37.24,95.0,23.6,20.21,44.28,-22.613333333333333,14.066666666666663
121.65,-0.26,-2.3,8.75,37.24,95.0,23.6,20.09,44.62,-30.76,23.73
121.69,-0.23,-2.58,9.33,37.24,95.0,23.6,19.86,46.04,-39.31666666666667,33.393333333333324
121.73,0.06,-3.09,8.84,37.24,95.0,23.6,19.86,46.04,-44.61333333333334,39.029999999999994
121.77,0.32,-2.58,7.76,37.24,95.0,23.6,19.62,46.04,-49.50333333333333,44.66333333333333
121.81,0.36,-4.1,9.68,37.24,95.0,23.6,19.62,46.04,-53.57666666666666,47.48333333333333
121.85,-0.17,-4.1,9.33,37.24,95.0,23.6,19.86,46.04,-56.02,50.300000000000004
121.89,0.39,-3.39,8.73,37.24,95.0,23.6,19.86,44.62,-57.65,51.10666666666666
121.93,0.26,-2.71,8.71,37.24,95.0,23.6,19.97,44.97,-58.46333333333334,52.71666666666666
121.97,0.49,-2.94,8.92,37.24,95.0,23.6,20.9,44.28,-56.42666666666667,52.31666666666666
122.01,0.21,-3.48,9.18,37.24,95.0,23.6,20.32,46.04,-51.53666666666667,51.50999999999999
122.05,0.41,-3.77,9.33,37.24,95.0,23.6,20.21,45.68,-41.35333333333333,50.703333333333326
122.09,0.23,-3.42,9.05,37.24,95.0,23.6,20.09,46.04,-30.760000000000005,50.703333333333326
122.13,0.12,-2.67,9.2,37.24,95.0,23.6,20.9,44.62,-18.540000000000003,47.886666666666656
122.17,0.53,-1.88,9.2,37.24,95.0,23.6,20.79,46.04,-5.5033333333333365,42.24999999999999
122.21,0.24,-0.83,9.42,37.24,95.0,23.6,20.9,44.62,5.496666666666665,37.416666666666664
122.25,0.24,-1.2,8.8,37.24,95.0,23.6,20.44,46.04,16.903333333333332,32.18333333333333
122.29,0.05,-1.1,8.94,37.24,95.0,23.6,19.39,47.92,23.83,29.366666666666664
122.33,0.01,-1.41,8.86,37.24,95.0,23.6,20.09,45.32,33.60666666666666,23.729999999999993
122.37,-0.06,-0.64,9.04,37.24,95.0,23.6,19.97,44.28,39.309999999999995,16.88333333333333
122.41,0.2,0.35,9.0,37.24,95.0,23.6,19.74,45.68,44.19666666666666,9.636666666666661
122.45,0.8,0.93,9.24,37.24,95.0,23.6,19.62,45.68,45.416666666666664,2.3899999999999952
122.49,0.59,0.91,9.29,37.24,95.0,23.6,19.97,44.62,47.453333333333326,-4.050000000000005
122.53,0.31,0.22,9.16,37.24,95.0,23.6,20.09,46.04,49.083333333333336,-12.50666666666667
122.57,0.52,0.53,8.94,37.24,95.0,23.6,19.97,45.68,48.27,-20.556666666666672
122.61,0.14,1.07,9.48,37.24,95.0,23.6,20.44,45.68,47.456666666666656,-27.000000000000004
122.65,0.39,2.39,9.46,37.24,95.0,23.6,20.44,45.32,47.86333333333332,-33.440000000000005
122.69,0.25,3.24,9.4,37.24,95.0,23.6,19.39,46.04,47.050000000000004,-39.88333333333334
122.73,0.3,3.43,9.32,37.24,95.0,23.6,19.86,45.68,45.82666666666666,-46.72666666666667
122.77,0.2,2.02,8.96,37.24,95.0,23.6,19.39,47.92,41.75333333333333,-51.15666666666667
122.81,-0.03,1.58,9.14,37.24,95.0,23.6,20.67,46.04,42.56666666666666,-53.573333333333345
122.85,0.09,2.37,9.15,37.24,95.0,23.6,18.8,44.62,38.086666666666666,-52.76666666666667
122.89,0.38,3.06,9.24,37.24,95.0,23.6,21.02,46.04,36.45666666666666,-52.363333333333344
122.93,0.61,2.28,9.04,37.24,95.0,23.6,20.09,44.62,31.159999999999997,-49.14000000000001
122.97,0.6,2.53,8.69,37.24,95.0,23.6,20.44,44.28,25.049999999999997,-45.92000000000001
123.01,0.35,0.72,8.95,37.24,95.0,23.6,19.74,44.28,15.679999999999998,-37.866666666666674
123.05,0.16,0.57,9.03,37.24,95.0,23.6,19.74,45.68,5.9033333333333315,-29.010000000000005
123.09,0.1,0.51,9.65,37.24,95.0,23.6,20.09,44.62,-1.0233333333333354,-18.140000000000004
123.13,0.4,0.25,9.16,37.24,95.0,23.6,20.32,46.04,-7.946666666666668,-8.880000000000004
123.17,0.23,-1.3,8.99,37.24,95.0,23.6,20.32,46.04,-14.463333333333336,0.37999999999999545
123.21,0.31,-2.15,9.19,37.24,95.0,23.6,20.67,45.68,-22.203333333333337,11.249999999999995
123.25,0.08,-2.13,8.91,37.24,95.0,23.6,20.44,46.41,-28.316666666666674,19.70333333333333
123.29,0.11,-2.15,8.54,37.24,95.0,23.6,17.97,45.32,-36.05666666666667,27.353333333333328
123.33,0.18,-2.38,8.89,37.24,95.0,23.6,20.67,44.62,-42.98333333333333,33.79666666666666
123.37,1.08,-3.63,9.18,37.24,95.0,23.6,19.39,45.68,-49.906666666666666,42.24999999999999
123.41,0.16,-4.09,9.15,37.24,95.0,23.6,19.39,46.04,-54.79666666666666,48.28666666666666
123.45,0.55,-4.64,9.09,37.24,95.0,23.6,19.39,45.68,-57.24,52.313333333333325
123.49,-0.05,-3.73,9.46,37.24,95.0,23.6,20.21,46.04,-60.093333333333334,53.52333333333333
123.53,0.11,-3.2,8.9,37.24,95.0,23.6,20.32,46.04,-61.31666666666666,53.926666666666655
123.57,0.3,-3.15,9.23,37.24,95.0,23.6,19.86,46.04,-60.50333333333333,53.52333333333332
123.61,0.34,-3.42,9.68,37.24,95.0,23.6,19.97,44.62,-53.576666666666675,53.11999999999998
123.65,0.56,-3.52,8.83,37.24,95.0,23.6,20.67,45.32,-43.800000000000004,51.106666666666655
123.69,0.32,-3.25,8.84,37.24,95.0,23.6,20.09,44.62,-31.576666666666668,49.49666666666666
123.73,0.19,-2.99,9.04,37.24,95.0,23.6,19.86,46.04,-20.983333333333338,47.48333333333332
123.77,0.31,-2.17,9.26,37.24,95.0,23.6,20.44,44.62,-8.760000000000003,46.679999999999986
123.81,0.18,-0.92,8.65,37.24,95.0,23.6,20.79,46.04,1.8299999999999972,41.04333333333333
123.85,0.43,-0.9,9.01,37.24,95.0,23.6,19.74,46.41,12.826666666666663,35.809999999999995
123.89,0.45,-1.14,9.13,37.24,95.0,23.6,20.21,45.68,23.416666666666668,30.576666666666664
123.93,0.21,-1.33,9.04,37.24,95.0,23.6,20.56,46.41,33.60333333333333,25.343333333333323
123.97,0.25,-0.99,9.03,37.24,95.0,23.6,20.09,45.32,40.93666666666666,19.70666666666666
124.01,0.37,-0.33,9.07,37.24,95.0,23.6,20.32,45.68,43.38333333333333,11.653333333333327
124.05,0.57,0.79,9.4,37.24,95.0,23.6,20.21,44.28,44.60333333333333,5.613333333333326
124.09,0.51,0.97,8.84,37.24,95.0,23.6,19.97,45.68,44.60333333333333,-3.24333333333334
124.13,0.15,0.79,9.14,37.24,95.0,23.6,21.94,46.04,48.27,-11.296666666666672
124.17,0.63,0.88,8.73,37.24,95.0,23.6,19.39,46.04,47.45666666666667,-19.75333333333334
124.21,0.0,1.34,9.1,37.24,95.0,23.6,20.9,44.28,48.27333333333333,-28.210000000000008
124.25,0.3,1.7,9.18,37.24,95.0,23.6,19.62,46.04,44.60666666666666,-34.650000000000006
124.29,0.21,3.59,9.33,37.24,95.0,23.6,19.39,45.68,45.01333333333334,-39.88333333333334
124.33,0.28,3.19,9.29,37.24,95.0,23.6,19.86,46.04,42.97666666666667,-43.103333333333346
124.37,0.2,2.49,9.35,37.24,95.0,23.6,20.09,46.04,42.160000000000004,-48.33666666666667
124.41,0.16,1.37,9.23,37.24,95.0,23.6,22.28,44.62,38.9,-51.153333333333336
124.45,0.08,2.0,9.34,37.24,95.0,23.6,20.44,44.28,36.86,-53.570000000000014
124.49,0.43,2.68,9.29,37.24,95.0,23.6,19.86,46.04,33.60333333333333,-51.96000000000001
124.53,0.21,3.41,9.19,37.24,95.0,23.6,20.44,44.62,31.566666666666666,-50.75333333333334
124.57,-0.15,1.71,9.59,37.24,95.0,23.6,20.9,44.28,24.643333333333334,-45.920000000000016
124.61,0.23,0.66,9.15,37.24,95.0,23.6,19.62,45.32,17.31,-38.673333333333346
124.65,0.34,0.58,8.56,37.24,95.0,23.6,20.21,44.62,7.533333333333334,-30.620000000000008
124.69,0.62,0.48,9.35,37.24,95.0,23.6,20.21,44.28,1.0133333333333334,-20.956666666666674
124.73,0.65,-0.15,9.61,37.24,95.0,23.6,19.27,45.68,-4.69,-11.696666666666673
124.77,0.22,-0.76,9.02,37.24,95.0,23.6,20.9,44.28,-12.023333333333333,-2.036666666666674
124.81,0.21,-1.53,8.85,37.24,95.0,23.6,20.32,46.04,-20.983333333333334,8.429999999999993
124.85,0.42,-2.41,8.78,37.24,95.0,23.6,20.09,46.04,-30.353333333333335,17.28666666666666
124.89,-0.17,-2.05,8.85,37.24,95.0,23.6,20.56,44.62,-35.24,27.75666666666666
124.93,0.68,-2.57,9.13,37.24,95.0,23.6,20.21,45.68,-40.53666666666666,35.40666666666666
124.97,0.26,-3.3,9.62,37.24,95.0,23.6,19.97,44.28,-45.426666666666655,40.63999999999999
125.01,0.45,-4.1,9.19,37.24,95.0,23.6,19.97,44.62,-52.35333333333333,45.46999999999999
125.05,0.38,-3.58,8.47,37.24,95.0,23.6,19.62,46.04,-57.24333333333333,49.09333333333333
125.09,0.3,-3.46,8.9,37.24,95.0,23.6,19.86,46.04,-61.31666666666666,51.91333333333333
125.13,0.16,-3.15,8.94,37.24,95.0,23.6,20.67,46.04,-62.53666666666666,51.91333333333333
125.17,0.43,-3.0,8.82,37.24,95.0,23.6,19.86,46.04,-60.09,50.30333333333332
125.21,-0.05,-2.08,8.55,37.24,95.0,23.6,19.39,46.04,-53.163333333333334,51.106666666666655
125.25,0.34,-3.07,8.82,37.24,95.0,23.6,19.62,45.32,-44.61000000000001,51.50999999999999
125.29,0.24,-3.66,9.2,37.24,95.0,23.6,19.97,46.41,-33.203333333333326,49.49666666666666
125.33,0.22,-3.04,8.9,37.24,95.0,23.6,19.74,44.97,-23.426666666666666,47.48333333333333
125.37,0.28,-2.27,8.68,37.24,95.0,23.6,19.86,46.04,-12.020000000000001,44.66666666666666
125.41,0.1,-1.26,9.52,37.24,95.0,23.6,20.56,44.62,-1.0233333333333334,44.26333333333332
125.45,0.18,-0.44,8.88,37.24,95.0,23.6,21.36,44.28,11.196666666666667,39.029999999999994
125.49,0.39,-0.95,8.67,37.24,95.0,23.6,20.44,44.62,22.19666666666667,34.599999999999994
125.53,0.21,-1.26,8.86,37.24,95.0,23.6,20.44,44.28,30.75333333333333,26.546666666666663
125.57,0.22,-1.07,9.01,37.24,95.0,23.6,19.62,44.97,37.68,22.119999999999994
125.61,0.12,-0.4,9.04,37.24,95.0,23.6,19.62,46.41,41.75333333333333,15.276666666666662
125.65,0.33,0.57,9.3,37.24,95.0,23.6,21.02,44.62,45.419999999999995,9.239999999999993
125.69,0.49,0.69,9.09,37.24,95.0,23.6,20.09,46.04,46.64333333333334,-0.4233333333333403
125.73,0.42,1.01,9.32,37.24,95.0,23.6,19.86,46.04,47.45666666666667,-9.683333333333339
125.77,0.0,0.65,9.75,37.24,95.0,23.6,20.44,44.62,47.456666666666656,-16.930000000000007
125.81,0.2,0.97,9.41,37.24,95.0,23.6,20.21,45.68,47.86333333333332,-23.37333333333334
125.85,-0.17,1.46,9.28,37.24,95.0,23.6,20.09,46.04,47.45666666666667,-31.02333333333334
125.89,0.58,2.89,9.14,37.24,95.0,23.6,19.97,46.04,47.45666666666667,-37.466666666666676
125.93,0.28,3.19,9.18,37.24,95.0,23.6,21.02,46.41,46.63999999999999,-44.31000000000001
125.97,0.3,2.96,9.56,37.24,95.0,23.6,20.21,44.62,45.00999999999999,-47.93333333333334
126.01,0.33,1.61,9.42,37.24,95.0,23.6,20.21,44.62,41.34333333333333,-51.153333333333336
126.05,0.34,1.91,8.85,37.24,95.0,23.6,20.09,44.62,38.9,-51.153333333333336
126.09,0.14,2.62,9.26,37.24,95.0,23.6,19.86,45.68,35.643333333333324,-51.96
126.13,0.32,3.16,9.34,37.24,95.0,23.6,19.97,44.28,33.199999999999996,-52.36333333333334
126.17,0.27,1.87,9.08,37.24,95.0,23.6,19.86,46.04,26.683333333333334,-49.546666666666674
126.21,0.69,1.16,8.91,37.24,95.0,23.6,19.74,44.28,19.756666666666664,-43.10333333333333
126.25,0.03,0.53,8.57,37.24,95.0,23.6,19.62,45.68,11.606666666666664,-33.440000000000005
126.29,0.43,0.87,9.26,37.24,95.0,23.6,20.09,46.04,4.679999999999998,-25.790000000000006
126.33,0.12,0.97,8.84,37.24,95.0,23.6,20.56,44.62,-2.2466666666666693,-15.323333333333338
126.37,0.01,-0.11,8.75,37.24,95.0,23.6,20.44,44.62,-11.206666666666669,-4.453333333333338
126.41,0.03,-1.52,8.78,37.24,95.0,23.6,20.09,46.04,-20.576666666666668,7.6266666666666625
126.45,0.09,-2.27,8.9,37.24,95.0,23.6,20.56,44.28,-27.5,18.496666666666666
126.49,-0.45,-1.98,9.31,37.24,95.0,23.6,19.97,44.62,-31.983333333333334,27.756666666666664
126.53,0.81,-2.89,9.18,37.24,95.0,23.6,20.21,44.28,-36.46333333333334,35.406666666666666
126.57,1.09,-3.26,8.81,37.24,95.0,23.6,19.97,46.04,-41.35333333333333,39.836666666666666
126.61,0.42,-3.38,9.25,37.24,95.0,23.6,20.21,45.68,-47.056666666666665,43.86333333333334
126.65,0.23,-4.36,9.45,37.24,95.0,23.6,20.44,44.28,-52.35333333333333,46.68
126.69,0.08,-3.98,9.33,37.24,95.0,23.6,19.62,46.04,-58.46333333333333,50.30333333333332
126.73,0.23,-4.09,9.09,37.24,95.0,23.6,20.32,44.97,-62.53666666666667,50.30333333333332
126.77,0.28,-3.36,9.02,37.24,95.0,23.6,20.44,44.62,-62.943333333333335,52.72
126.81,0.34,-2.86,8.99,37.24,95.0,23.6,20.32,46.04,-58.870000000000005,51.10999999999999
126.85,0.29,-2.78,8.69,37.24,95.0,23.6,20.56,44.28,-51.13,51.91333333333333
126.89,0.27,-3.67,9.36,37.24,95.0,23.6,20.09,44.62,-38.910000000000004,50.70333333333334
126.93,0.28,-3.25,8.77,37.24,95.0,23.6,20.21,47.92,-26.280000000000005,50.70333333333334
126.97,0.25,-2.33,9.09,37.24,95.0,23.6,19.62,46.04,-14.46666666666667,47.88666666666666
127.01,0.25,-1.0,8.74,37.24,95.0,23.6,20.32,45.32,-4.280000000000005,43.46
127.05,0.56,-1.2,9.34,37.24,95.0,23.6,20.44,44.62,7.939999999999995,39.43333333333333
127.09,0.46,-1.21,8.96,37.24,95.0,23.6,19.97,44.62,18.533333333333328,35.81
127.13,0.15,-1.37,9.09,37.24,95.0,23.6,20.44,44.62,27.49333333333333,32.18666666666667
127.17,0.12,-0.98,9.1,37.24,95.0,23.6,19.62,46.04,31.97333333333333,24.13333333333333
127.21,0.1,-0.47,9.07,37.24,95.0,23.6,19.97,46.04,38.89999999999999,15.273333333333332
127.25,0.14,0.37,9.08,37.24,95.0,23.6,22.17,46.04,41.75333333333333,7.219999999999998
127.29,0.21,0.61,9.13,37.24,95.0,23.6,19.62,46.04,45.01333333333333,0.37666666666666454
127.33,0.24,0.82,8.92,37.24,95.0,23.6,20.21,46.41,45.419999999999995,-6.466666666666669
127.37,0.3,0.47,8.91,37.24,95.0,23.6,19.86,45.68,46.63999999999999,-14.920000000000002
127.41,-0.16,0.8,9.23,37.24,95.0,23.6,20.79,46.04,47.86333333333332,-23.77666666666667
127.45,0.22,1.57,9.1,37.24,95.0,23.6,20.32,46.04,46.639999999999986,-31.023333333333337
127.49,0.45,2.39,8.99,37.24,95.0,23.6,20.09,46.04,46.63999999999999,-38.67333333333334
127.53,0.16,3.25,9.1,37.24,95.0,23.6,19.97,44.62,46.639999999999986,-42.70000000000001
127.57,0.19,2.95,9.33,37.24,95.0,23.6,20.44,44.28,45.82666666666666,-48.33666666666667
127.61,0.28,2.21,9.01,37.24,95.0,23.6,20.21,44.97,42.97666666666667,-49.54333333333333
127.65,0.28,2.27,8.94,37.24,95.0,23.6,20.67,44.62,38.90333333333333,-51.153333333333336
127.69,0.16,2.76,9.05,37.24,95.0,23.6,20.09,46.04,36.05,-52.35999999999999
127.73,0.23,3.14,8.78,37.24,95.0,23.6,20.9,44.62,31.569999999999993,-52.36000000000001
127.77,0.62,2.19,9.57,37.24,95.0,23.6,19.86,45.68,26.679999999999993,-50.75
127.81,0.69,0.74,9.13,37.24,95.0,23.6,20.21,45.68,20.163333333333327,-43.1
127.85,0.15,0.1,9.35,37.24,95.0,23.6,20.44,44.62,15.273333333333332,-35.85333333333334
127.89,-0.04,1.15,9.17,37.24,95.0,23.6,17.97,44.62,8.346666666666662,-26.99666666666667
127.93,0.55,0.29,9.65,37.24,95.0,23.6,20.44,44.28,0.19999999999999515,-18.543333333333337
127.97,0.59,-0.15,9.21,37.24,95.0,23.6,20.09,44.62,-6.726666666666671,-8.883333333333336
128.01,0.41,-1.58,8.91,37.24,95.0,23.6,20.21,44.62,-15.280000000000006,2.3899999999999975
128.05,0.52,-2.3,9.24,37.24,95.0,23.6,20.21,45.68,-21.8,14.469999999999999
128.09,0.07,-2.38,9.05,37.24,95.0,23.6,19.97,44.28,-30.353333333333335,23.73
128.13,-0.36,-2.67,8.71,37.24,95.0,23.6,19.86,45.68,-38.093333333333334,31.38
128.17,0.4,-2.77,8.9,37.24,95.0,23.6,19.39,46.04,-45.42666666666667,37.82
128.21,-0.25,-2.31,8.45,37.24,95.0,23.6,20.21,45.68,-51.53666666666667,45.06666666666666
128.25,0.05,-3.89,9.22,37.24,95.0,23.6,20.44,44.28,-55.20333333333334,47.883333333333326
128.29,0.24,-4.09,8.78,37.24,95.0,23.6,19.86,47.92,-60.09000000000001,48.69
128.33,-0.09,-3.15,8.74,37.24,95.0,23.6,20.56,44.28,-63.35,49.49666666666666
128.37,0.38,-3.39,8.54,37.24,95.0,23.6,20.32,46.04,-64.98,51.50999999999999
128.41,0.39,-2.57,8.69,37.24,95.0,23.6,20.09,46.04,-60.90666666666667,50.703333333333326
128.45,0.42,-2.38,8.71,37.24,95.0,23.6,19.74,44.97,-53.166666666666664,49.89666666666667
128.49,0.25,-3.27,8.85,37.24,95.0,23.6,20.56,46.04,-41.35333333333334,47.883333333333326
128.53,0.28,-3.44,9.24,37.24,95.0,23.6,20.09,44.62,-27.096666666666675,47.48
128.57,0.33,-2.38,8.96,37.24,95.0,23.6,20.44,44.62,-12.430000000000005,45.46999999999999
128.61,0.33,-1.62,9.13,37.24,95.0,23.6,19.62,44.62,1.0133333333333283,42.25
128.65,0.47,-1.08,8.23,37.24,95.0,23.6,19.39,46.41,11.606666666666662,39.43333333333333
128.69,0.67,-1.27,9.3,37.24,95.0,23.6,19.51,44.28,18.123333333333328,35.81
128.73,0.45,-1.63,9.28,37.24,95.0,23.6,20.44,44.28,25.049999999999994,30.98
128.77,0.34,-1.14,9.23,37.24,95.0,23.6,19.15,44.62,29.52999999999999,24.939999999999998
128.81,0.28,-0.56,9.02,37.24,95.0,23.6,19.74,44.28,35.23333333333333,18.496666666666666
128.85,0.4,0.24,9.09,37.24,95.0,23.6,20.09,44.62,39.71333333333333,12.859999999999998
128.89,0.5,0.68,9.17,37.24,95.0,23.6,19.39,46.41,45.82333333333333,3.599999999999998
128.93,0.23,0.77,9.17,37.24,95.0,23.6,20.44,44.28,49.48999999999999,-7.270000000000003
128.97,1.03,0.04,9.18,37.24,95.0,23.6,20.56,44.62,49.9,-14.920000000000002
129.01,-0.03,0.58,9.2,37.24,95.0,23.6,19.39,46.04,47.86333333333332,-20.960000000000004
129.05,0.33,1.46,9.09,37.24,95.0,23.6,20.09,46.04,46.63999999999999,-27.803333333333338
129.09,0.41,2.18,9.22,37.24,95.0,23.6,19.62,45.68,46.23,-34.24666666666667
129.13,0.2,3.14,9.35,37.24,95.0,23.6,20.44,44.62,46.23,-39.480000000000004
129.17,0.15,2.95,9.16,37.24,95.0,23.6,20.67,46.04,44.60333333333333,-44.31333333333333
129.21,0.3,1.89,9.16,37.24,95.0,23.6,19.39,46.04,43.78999999999999,-49.546666666666674
129.25,0.25,1.8,9.11,37.24,95.0,23.6,20.32,46.04,40.12333333333333,-53.17
129.29,0.26,2.39,9.3,37.24,95.0,23.6,20.44,46.41,39.71333333333333,-53.973333333333336
129.33,0.08,3.05,9.23,37.24,95.0,23.6,20.44,44.97,33.60333333333333,-53.166666666666664
129.37,-0.21,3.66,8.91,37.24,95.0,23.6,20.09,46.04,29.123333333333324,-51.153333333333336
129.41,0.04,2.84,8.61,37.24,95.0,23.6,20.32,46.04,20.16333333333333,-45.116666666666674
129.45,-0.35,1.2,8.75,37.24,95.0,23.6,20.44,44.62,14.866666666666662,-37.466666666666676
129.49,0.37,0.34,8.66,37.24,95.0,23.6,20.56,46.04,8.349999999999996,-30.220000000000002
129.53,0.28,0.67,9.39,37.24,95.0,23.6,22.05,45.68,1.0166666666666622,-21.76333333333334
129.57,0.51,0.68,9.04,37.24,95.0,23.6,21.02,46.04,-5.500000000000004,-12.50333333333334
129.61,0.41,-1.24,9.04,37.24,95.0,23.6,19.04,44.62,-14.463333333333338,-0.42333333333333795
129.65,0.57,-1.79,8.9,37.24,95.0,23.6,19.86,46.04,-21.390000000000004,12.056666666666663
129.69,0.32,-2.4,8.99,37.24,95.0,23.6,20.21,44.28,-31.170000000000005,22.926666666666666
129.73,0.64,-3.28,9.66,37.24,95.0,23.6,19.86,45.68,-37.28,30.173333333333332
129.77,0.28,-3.11,9.77,37.24,95.0,23.6,20.56,45.32,-42.576666666666675,36.61666666666667
129.81,-0.01,-2.78,9.52,37.24,95.0,23.6,20.44,44.28,-47.46333333333334,40.24
129.85,0.3,-3.4,8.92,37.24,95.0,23.6,20.44,46.04,-53.166666666666664,43.86333333333332
129.89,0.03,-3.85,8.82,37.24,95.0,23.6,20.09,45.68,-56.833333333333336,45.06999999999999
129.93,0.13,-3.44,8.75,37.24,95.0,23.6,20.21,44.28,-59.68666666666667,48.69333333333333
129.97,0.09,-3.06,8.95,37.24,95.0,23.6,20.56,47.15,-60.910000000000004,50.706666666666656
130.01,0.45,-3.07,8.94,37.24,95.0,23.6,19.62,46.41,-61.31666666666666,51.10999999999999
130.05,0.32,-3.83,9.37,37.24,95.0,23.6,19.39,45.68,-55.20333333333334,50.706666666666656
130.09,0.37,-3.83,9.32,37.24,95.0,23.6,19.62,46.04,-45.42666666666668,49.9
130.13,0.13,-3.29,9.12,37.24,95.0,23.6,19.86,45.68,-32.39000000000001,47.886666666666656
130.17,0.2,-2.66,9.13,37.24,95.0,23.6,19.74,45.68,-19.356666666666673,45.87333333333333
130.21,0.23,-1.52,9.1,37.24,95.0,23.6,21.13,44.62,-7.133333333333337,43.456666666666656
130.25,0.51,-1.05,8.66,37.24,95.0,23.6,19.86,46.04,2.2366666666666624,41.84666666666666
130.29,0.22,-1.11,9.47,37.24,95.0,23.6,19.74,45.68,12.01666666666666,38.22333333333333
130.33,0.33,-1.52,8.63,37.24,95.0,23.6,19.39,46.04,22.2,34.6
130.37,0.23,-1.25,8.92,37.24,95.0,23.6,20.44,44.62,31.163333333333327,29.766666666666662
130.41,0.25,-0.71,9.29,37.24,95.0,23.6,20.44,44.28,37.68,20.909999999999997
130.45,0.51,0.28,8.98,37.24,95.0,23.6,19.86,46.04,40.53333333333333,13.259999999999996
130.49,0.34,0.71,9.1,37.24,95.0,23.6,20.09,45.32,44.199999999999996,4.403333333333329
130.53,0.4,0.54,9.17,37.24,95.0,23.6,19.86,46.04,45.830000000000005,-2.8433333333333377
130.57,0.14,0.6,9.72,37.24,95.0,23.6,20.09,46.04,47.86666666666667,-11.700000000000003
130.61,-0.05,0.5,8.6,37.24,95.0,23.6,20.32,44.62,49.90333333333333,-20.556666666666672
130.65,-0.36,1.22,9.15,37.24,95.0,23.6,19.86,45.32,50.31,-29.413333333333338
130.69,0.18,1.92,8.87,37.24,95.0,23.6,20.44,44.28,49.9,-37.06333333333334
130.73,0.16,3.46,9.28,37.24,95.0,23.6,20.44,44.28,48.27,-43.906666666666666
130.77,0.25,2.93,9.36,37.24,95.0,23.6,20.21,45.68,46.63999999999999,-46.323333333333345
130.81,0.31,2.06,9.4,37.24,95.0,23.6,20.9,44.28,46.23333333333333,-50.34666666666667
130.85,0.22,1.33,9.2,37.24,95.0,23.6,20.32,46.04,42.16,-51.55666666666667
130.89,0.32,2.12,9.26,37.24,95.0,23.6,20.44,46.04,39.309999999999995,-55.18000000000001
130.93,0.28,3.04,9.65,37.24,95.0,23.6,19.86,45.68,34.01333333333333,-54.37666666666667
130.97,0.37,3.45,9.48,37.24,95.0,23.6,20.44,44.28,29.939999999999998,-54.376666666666665
131.01,0.43,2.05,8.58,37.24,95.0,23.6,20.21,45.68,24.236666666666665,-48.74000000000001
131.05,0.44,1.0,8.53,37.24,95.0,23.6,20.09,46.04,17.719999999999995,-43.10333333333333
131.09,-0.07,-0.1,9.28,37.24,95.0,23.6,19.62,46.04,9.976666666666665,-32.63333333333334
131.13,0.38,0.98,9.06,37.24,95.0,23.6,20.32,46.04,1.8266666666666644,-23.77666666666667
131.17,0.63,0.36,9.02,37.24,95.0,23.6,20.21,45.68,-5.913333333333337,-10.893333333333338
131.21,0.51,-0.98,9.11,37.24,95.0,23.6,19.97,44.62,-11.616666666666669,-0.023333333333338164
131.25,-0.01,-1.37,8.87,37.24,95.0,23.6,21.02,42.96,-18.133333333333336,10.846666666666662
131.29,-0.46,-1.91,8.74,37.24,95.0,23.6,20.67,46.41,-23.836666666666673,19.70333333333333
131.33,0.13,-1.91,8.64,37.24,95.0,23.6,20.21,45.32,-33.20333333333334,27.75333333333333
131.37,0.11,-2.28,8.46,37.24,95.0,23.6,19.39,46.04,-40.943333333333335,35.40333333333333
131.41,0.29,-3.69,10.15,37.24,95.0,23.6,22.05,44.97,-47.05333333333334,39.026666666666664
131.45,0.27,-4.13,9.18,37.24,95.0,23.6,20.9,44.28,-51.13,42.24999999999999
131.49,-0.2,-3.24,9.03,37.24,95.0,23.6,20.44,44.62,-54.39000000000001,45.46999999999999
131.53,0.32,-2.71,8.2,37.24,95.0,23.6,19.62,45.68,-58.873333333333335,50.70666666666667
131.57,0.39,-3.11,8.37,37.24,95.0,23.6,20.09,46.04,-60.09333333333334,51.106666666666655
131.61,0.15,-2.66,8.79,37.24,95.0,23.6,20.32,46.04,-59.68666666666667,49.49666666666666
131.65,0.06,-2.88,8.93,37.24,95.0,23.6,19.86,46.04,-54.796666666666674,48.28666666666666
131.69,0.28,-3.99,9.55,37.24,95.0,23.6,19.62,45.68,-46.650000000000006,50.29999999999999
131.73,0.38,-4.01,9.07,37.24,95.0,23.6,19.39,46.04,-35.65,51.10666666666666
131.77,0.11,-3.13,9.0,37.24,95.0,23.6,19.39,46.04,-23.836666666666673,48.69333333333333
131.81,0.33,-1.93,9.35,37.24,95.0,23.6,19.86,46.04,-12.023333333333339,44.666666666666664
131.85,0.5,-0.98,8.91,37.24,95.0,23.6,20.21,44.97,-0.210000000000005,41.04333333333333
131.89,0.44,-0.75,8.82,37.24,95.0,23.6,19.97,46.04,11.19666666666666,37.419999999999995
131.93,0.3,-1.32,9.11,37.24,95.0,23.6,20.32,44.62,22.19666666666666,32.993333333333325
131.97,0.2,-1.42,8.9,37.24,95.0,23.6,20.44,44.62,30.346666666666664,28.966666666666658
132.01,0.01,-1.06,8.97,37.24,95.0,23.6,20.44,45.32,37.68,21.716666666666665
132.05,0.09,-0.14,8.98,37.24,95.0,23.6,20.67,44.97,42.56999999999999,16.48333333333333
132.09,0.15,0.84,9.04,37.24,95.0,23.6,19.62,45.68,46.23666666666666,8.833333333333329
132.13,0.25,1.0,9.26,37.24,95.0,23.6,20.21,44.97,47.46,2.3933333333333286
132.17,0.51,0.83,8.63,37.24,95.0,23.6,19.51,44.97,47.46,-7.270000000000006
132.21,-0.2,0.64,8.95,37.24,95.0,23.6,20.21,44.28,47.46,-15.723333333333338
132.25,0.76,0.41,9.34,37.24,95.0,23.6,20.32,45.32,49.49666666666666,-25.790000000000003
132.29,0.53,1.79,9.42,37.24,95.0,23.6,19.97,44.28,49.49666666666666,-33.843333333333334
132.33,0.24,3.49,9.32,37.24,95.0,23.6,19.74,46.41,50.309999999999995,-42.70333333333334
132.37,0.2,2.92,9.53,37.24,95.0,23.6,20.56,46.04,47.04999999999999,-47.13
132.41,0.12,2.77,9.33,37.24,95.0,23.6,20.44,44.97,44.19666666666666,-49.54333333333333
132.45,0.06,1.47,9.41,37.24,95.0,23.6,20.9,44.28,40.93666666666666,-51.153333333333336
132.49,0.41,1.9,9.52,37.24,95.0,23.6,20.44,46.04,38.49333333333333,-53.57
132.53,0.48,3.01,9.3,37.24,95.0,23.6,20.67,46.04,36.456666666666656,-55.98666666666667
132.57,0.53,3.48,9.12,37.24,95.0,23.6,20.67,44.62,31.97666666666666,-55.18
132.61,0.19,1.21,9.67,37.24,95.0,23.6,20.09,45.68,28.30999999999999,-50.35
132.65,0.31,1.72,8.72,37.24,95.0,23.6,20.56,46.41,23.419999999999998,-45.116666666666674
132.69,0.07,0.8,8.85,37.24,95.0,23.6,19.97,45.68,16.086666666666662,-36.26
132.73,0.48,0.4,9.03,37.24,95.0,23.6,20.56,46.04,5.899999999999996,-27.80333333333334
132.77,0.17,0.59,9.04,37.24,95.0,23.6,20.56,46.04,-3.876666666666672,-16.933333333333337
132.81,-0.16,-0.22,8.76,37.24,95.0,23.6,19.62,46.04,-12.840000000000005,-6.4666666666666694
132.85,0.05,-1.5,8.76,37.24,95.0,23.6,20.32,45.68,-19.76333333333334,4.806666666666664
132.89,0.09,-1.9,8.84,37.24,95.0,23.6,19.97,44.97,-28.316666666666674,16.48333333333333
132.93,-0.04,-1.7,8.81,37.24,95.0,23.6,20.44,44.28,-34.833333333333336,24.53666666666666
132.97,0.18,-2.11,8.65,37.24,95.0,23.6,20.44,44.62,-40.53666666666667,32.99
133.01,-0.21,-2.74,9.31,37.24,95.0,23.6,20.09,46.04,-46.24,37.82
133.05,-0.1,-3.38,8.42,37.24,95.0,23.6,20.56,46.04,-51.13,41.846666666666664
133.09,-0.06,-3.8,8.84,37.24,95.0,23.6,19.74,45.68,-56.42666666666667,45.873333333333335
133.13,-0.14,-3.71,9.08,37.24,95.0,23.6,19.86,46.04,-59.68666666666667,50.70666666666667
133.17,0.06,-3.06,8.88,37.24,95.0,23.6,20.09,46.04,-61.31333333333333,53.52333333333333
133.21,0.11,-2.84,8.8,37.24,95.0,23.6,20.32,46.04,-59.68333333333334,53.52333333333333
133.25,0.45,-3.28,9.2,37.24,95.0,23.6,20.09,46.04,-55.20333333333334,51.10666666666666
133.29,0.2,-3.92,9.4,37.24,95.0,23.6,20.09,44.28,-48.28,50.303333333333335
133.33,0.32,-3.89,9.08,37.24,95.0,23.6,20.44,46.41,-37.690000000000005,47.886666666666656
133.37,0.08,-3.16,9.17,37.24,95.0,23.6,19.97,46.04,-27.50333333333334,48.29
133.41,0.14,-2.22,9.55,37.24,95.0,23.6,19.62,46.04,-15.690000000000005,45.06666666666666
133.45,0.17,-1.04,8.99,37.24,95.0,23.6,19.97,44.28,-5.910000000000005,41.44333333333333
133.49,0.14,-0.87,9.41,37.24,95.0,23.6,19.62,45.68,6.716666666666662,37.81999999999999
133.53,0.2,-1.53,9.08,37.24,95.0,23.6,20.44,46.78,17.71666666666666,33.39333333333334
133.57,0.11,-1.36,9.02,37.24,95.0,23.6,20.44,44.62,27.08333333333333,30.173333333333336
133.61,0.19,-1.2,9.1,37.24,95.0,23.6,20.44,44.28,35.23333333333333,22.12
133.65,0.21,-0.42,9.14,37.24,95.0,23.6,19.74,45.68,42.15999999999999,16.886666666666667
133.69,0.08,0.63,8.74,37.24,95.0,23.6,19.39,45.68,45.82666666666666,10.043333333333331
133.73,0.04,0.96,8.86,37.24,95.0,23.6,19.97,45.68,47.45666666666667,3.5999999999999974
133.77,0.26,0.57,9.08,37.24,95.0,23.6,20.56,43.28,47.456666666666656,-6.063333333333336
133.81,-0.18,0.59,8.89,37.24,95.0,23.6,20.67,44.62,47.04999999999999,-14.520000000000001
133.85,0.01,0.71,9.29,37.24,95.0,23.6,19.86,45.68,47.04999999999999,-23.37666666666667
133.89,-0.1,1.63,9.14,37.24,95.0,23.6,20.44,46.04,45.826666666666654,-29.820000000000004
133.93,0.07,3.17,8.95,37.24,95.0,23.6,20.32,44.97,45.82666666666666,-37.870000000000005
133.97,0.11,3.08,9.22,37.24,95.0,23.6,21.13,44.28,43.78999999999999,-43.10333333333333
134.01,0.17,2.99,9.27,37.24,95.0,23.6,20.21,45.68,44.19666666666666,-47.12666666666667
134.05,0.07,1.84,9.18,37.24,95.0,23.6,20.09,44.97,43.383333333333326,-48.73666666666667
134.09,0.11,1.99,8.95,37.24,95.0,23.6,19.97,44.28,42.16,-51.55333333333334
134.13,0.31,2.77,9.19,37.24,95.0,23.6,20.44,44.62,38.90333333333333,-51.95666666666667
134.17,0.31,3.39,9.49,37.24,95.0,23.6,20.44,44.28,33.60666666666666,-53.166666666666664
134.21,0.98,1.73,9.11,37.24,95.0,23.6,19.97,45.68,27.49666666666666,-49.543333333333344
134.25,1.56,0.24,8.97,37.24,95.0,23.6,19.62,45.68,20.976666666666663,-44.71333333333334
134.29,0.09,0.76,9.03,37.24,95.0,23.6,20.32,44.62,15.679999999999994,-37.06333333333334
134.33,0.13,1.0,8.87,37.24,95.0,23.6,20.21,44.97,8.346666666666662,-29.01333333333334
134.37,0.03,0.97,9.0,37.24,95.0,23.6,20.21,44.28,-0.6133333333333386,-19.350000000000005
134.41,-0.06,0.14,8.74,37.24,95.0,23.6,19.86,46.04,-10.796666666666672,-8.07666666666667
134.45,0.09,-1.34,8.77,37.24,95.0,23.6,19.62,46.04,-19.35333333333334,4.406666666666663
134.49,0.57,-2.16,8.96,37.24,95.0,23.6,19.74,45.68,-26.280000000000005,15.679999999999998
134.53,0.15,-2.61,9.22,37.24,95.0,23.6,20.56,46.04,-31.57666666666667,26.146666666666665
134.57,0.29,-2.56,9.49,37.24,95.0,23.6,19.27,44.97,-37.28000000000001,32.99
134.61,0.33,-3.72,9.27,37.24,95.0,23.6,20.09,45.68,-45.02,37.82
134.65,0.23,-3.12,8.16,37.24,95.0,23.6,19.62,46.04,-51.53666666666667,43.053333333333335
134.69,-0.24,-3.54,8.76,37.24,95.0,23.6,19.97,45.68,-56.830000000000005,47.883333333333326
134.73,-0.03,-3.96,8.89,37.24,95.0,23.6,19.86,45.32,-60.49666666666667,50.70333333333334
134.77,0.06,-3.96,8.82,37.24,95.0,23.6,20.79,46.04,-63.75666666666668,51.10666666666666
134.81,0.3,-3.41,8.95,37.24,95.0,23.6,20.9,44.62,-64.57333333333334,50.30333333333332
134.85,0.45,-3.07,9.45,37.24,95.0,23.6,19.86,46.04,-60.906666666666666,51.50999999999999
134.89,0.54,-4.04,9.58,37.24,95.0,23.6,19.74,45.68,-52.76,51.50999999999999
134.93,0.23,-3.84,9.53,37.24,95.0,23.6,19.97,44.28,-41.35333333333334,49.9
134.97,0.19,-3.02,9.12,37.24,95.0,23.6,20.56,44.62,-28.72666666666667,48.69333333333333
135.01,0.24,-2.73,9.08,37.24,95.0,23.6,20.21,45.68,-17.72666666666667,47.083333333333336
135.05,0.42,-1.76,8.92,37.24,95.0,23.6,20.67,44.62,-7.543333333333339,46.276666666666664
135.09,0.36,-1.18,9.28,37.24,95.0,23.6,19.74,45.68,2.2366666666666624,43.45666666666667
135.13,0.51,-1.19,8.88,37.24,95.0,23.6,20.56,44.62,13.236666666666663,39.029999999999994
135.17,0.27,-1.43,9.03,37.24,95.0,23.6,19.62,45.68,23.42333333333333,34.599999999999994
135.21,0.01,-1.31,9.03,37.24,95.0,23.6,20.09,44.62,31.569999999999993,27.756666666666664
135.25,0.09,-0.55,8.93,37.24,95.0,23.6,20.32,45.68,37.273333333333326,20.106666666666666
135.29,0.24,0.53,9.1,37.24,95.0,23.6,19.86,46.04,41.75333333333333,11.249999999999998
135.33,0.84,0.99,9.19,37.24,95.0,23.6,20.21,46.04,45.01333333333332,4.003333333333331
135.37,0.74,0.81,9.13,37.24,95.0,23.6,20.56,45.68,49.086666666666666,-5.256666666666669
135.41,0.24,0.27,8.72,37.24,95.0,23.6,20.44,44.62,50.31,-11.696666666666667
135.45,0.33,0.68,8.37,37.24,95.0,23.6,21.25,46.04,51.12333333333333,-22.166666666666668
135.49,-0.12,1.39,9.05,37.24,95.0,23.6,19.27,45.68,48.27,-27.403333333333336
135.53,0.1,2.54,9.14,37.24,95.0,23.6,19.39,46.04,46.63999999999999,-34.65
135.57,0.23,3.44,9.15,37.24,95.0,23.6,20.44,44.62,44.603333333333325,-37.46666666666667
135.61,0.17,3.1,9.23,37.24,95.0,23.6,20.09,44.62,45.01333333333333,-42.296666666666674
135.65,0.16,2.25,9.14,37.24,95.0,23.6,20.21,45.68,44.199999999999996,-45.116666666666674
135.69,0.07,1.53,9.41,37.24,95.0,23.6,19.39,46.04,41.75666666666666,-48.336666666666666
135.73,0.23,2.05,9.3,37.24,95.0,23.6,20.44,44.62,37.273333333333326,-49.14000000000001
135.77,0.26,3.21,9.05,37.24,95.0,23.6,20.44,44.28,33.60666666666666,-51.95666666666667
135.81,-0.02,2.46,9.52,37.24,95.0,23.6,19.62,44.97,29.939999999999994,-49.94333333333333
135.85,-0.13,2.18,9.2,37.24,95.0,23.6,19.86,45.68,24.64333333333333,-48.333333333333336
135.89,-0.42,-0.08,9.66,37.24,95.0,23.6,20.09,44.62,18.12333333333333,-39.879999999999995
135.93,-0.0,0.17,8.98,37.24,95.0,23.6,20.44,46.04,9.566666666666661,-33.03666666666667
135.97,0.15,0.69,9.05,37.24,95.0,23.6,18.8,46.04,1.4199999999999948,-21.763333333333332
136.01,0.41,0.2,9.07,37.24,95.0,23.6,20.44,47.15,-5.913333333333338,-13.31
136.05,0.36,-1.25,9.01,37.24,95.0,23.6,20.44,45.68,-13.246666666666671,-0.023333333333333428
136.09,0.35,-1.89,9.05,37.24,95.0,23.6,19.39,46.04,-19.76333333333334,11.246666666666668
136.13,0.14,-2.24,8.79,37.24,95.0,23.6,19.86,46.04,-29.94666666666667,22.923333333333336
136.17,0.39,-2.67,9.73,37.24,95.0,23.6,20.44,47.15,-36.056666666666665,29.76666666666667
136.21,0.47,-3.19,9.31,37.24,95.0,23.6,17.85,45.68,-43.39000000000001,37.01666666666667
136.25,0.41,-3.4,9.44,37.24,95.0,23.6,20.67,46.04,-47.46333333333333,41.04333333333333
136.29,0.02,-3.88,8.08,37.24,95.0,23.6,19.86,46.04,-54.796666666666674,45.47333333333333
136.33,-0.33,-3.87,9.0,37.24,95.0,23.6,20.56,44.28,-60.093333333333334,48.29
136.37,0.08,-3.09,9.12,37.24,95.0,23.6,19.74,45.68,-60.910000000000004,51.913333333333334
136.41,0.05,-3.48,9.04,37.24,95.0,23.6,19.39,45.68,-60.5,53.92666666666667
136.45,0.32,-3.52,9.58,37.24,95.0,23.6,20.21,44.97,-58.870000000000005,53.52333333333333
136.49,0.27,-3.95,9.76,37.24,95.0,23.6,20.67,46.78,-55.61000000000001,51.91333333333333
136.53,0.42,-4.0,9.43,37.24,95.0,23.6,19.62,46.04,-45.833333333333336,50.703333333333326
136.57,0.29,-3.51,9.14,37.24,95.0,23.6,19.39,45.68,-31.166666666666668,50.300000000000004
136.61,0.06,-2.98,9.19,37.24,95.0,23.6,19.86,46.04,-18.53666666666667,48.69
136.65,0.11,-1.99,9.36,37.24,95.0,23.6,20.56,44.97,-7.540000000000002,46.27666666666667
136.69,0.28,-0.91,8.7,37.24,95.0,23.6,20.09,46.41,3.456666666666665,41.04333333333333
136.73,0.22,-0.99,9.34,37.24,95.0,23.6,20.56,44.97,13.233333333333333,38.626666666666665
136.77,0.28,-1.12,8.93,37.24,95.0,23.6,20.21,45.68,23.419999999999998,33.79333333333333
136.81,0.33,-1.23,8.91,37.24,95.0,23.6,19.86,46.04,29.12333333333333,27.75666666666667
136.85,0.28,-1.09,9.08,37.24,95.0,23.6,20.32,46.04,35.63999999999999,20.51
136.89,0.33,-0.22,9.18,37.24,95.0,23.6,19.97,44.62,40.526666666666664,13.666666666666666
136.93,0.4,0.79,9.07,37.24,95.0,23.6,20.44,45.68,44.60333333333333,8.03
136.97,0.45,0.91,8.97,37.24,95.0,23.6,20.32,46.04,47.45666666666667,-0.8266666666666662
137.01,0.59,0.68,8.93,37.24,95.0,23.6,20.44,44.28,48.68,-10.893333333333333
137.05,0.31,0.33,8.98,37.24,95.0,23.6,19.86,46.04,48.27,-20.153333333333332
137.09,-0.31,0.85,9.86,37.24,95.0,23.6,20.09,46.04,47.86333333333332,-27.80333333333333
137.13,0.17,2.07,9.15,37.24,95.0,23.6,19.97,44.62,47.45666666666667,-33.03666666666666
137.17,0.33,3.53,9.49,37.24,95.0,23.6,20.44,44.62,47.45666666666667,-37.46666666666667
137.21,0.13,3.39,9.21,37.24,95.0,23.6,20.09,44.62,46.23333333333333,-41.09
137.25,0.39,2.22,9.27,37.24,95.0,23.6,20.21,44.28,45.00999999999999,-44.71333333333334
137.29,0.11,1.62,8.98,37.24,95.0,23.6,20.44,45.68,42.56666666666666,-48.74000000000001
137.33,0.24,2.24,8.67,37.24,95.0,23.6,19.62,46.04,38.9,-50.35
137.37,0.31,3.29,9.2,37.24,95.0,23.6,21.02,45.68,34.419999999999995,-50.75333333333333
137.41,0.52,3.43,9.44,37.24,95.0,23.6,19.39,46.41,31.159999999999997,-49.54333333333333
137.45,0.55,1.08,9.34,37.24,95.0,23.6,20.32,46.04,25.049999999999997,-47.129999999999995
137.49,0.34,0.66,8.81,37.24,95.0,23.6,20.44,45.68,17.716666666666665,-42.29666666666667
137.53,0.06,0.92,9.24,37.24,95.0,23.6,20.9,44.62,8.346666666666666,-34.24666666666666
137.57,0.37,0.84,9.15,37.24,95.0,23.6,20.79,45.32,1.8266666666666644,-22.973333333333333
137.61,0.37,0.65,9.24,37.24,95.0,23.6,20.09,44.62,-4.283333333333336,-11.700000000000001
137.65,0.16,-0.44,8.94,37.24,95.0,23.6,20.21,45.68,-11.206666666666669,0.7800000000000006
137.69,0.2,-1.64,8.89,37.24,95.0,23.6,20.21,45.68,-18.130000000000003,11.25
137.73,0.13,-2.1,8.85,37.24,95.0,23.6,20.44,44.28,-27.5,19.3
137.77,0.2,-2.27,9.53,37.24,95.0,23.6,19.86,46.04,-36.46333333333333,27.75666666666667
137.81,1.09,-3.26,9.65,37.24,95.0,23.6,19.86,46.04,-44.20333333333334,32.99
137.85,0.67,-3.34,8.88,37.24,95.0,23.6,21.59,46.04,-49.5,38.223333333333336
137.89,0.9,-2.95,7.92,37.24,95.0,23.6,19.86,45.68,-53.57333333333333,40.64000000000001
137.93,0.33,-3.64,8.7,37.24,95.0,23.6,20.09,46.04,-58.870000000000005,43.45666666666667
137.97,0.17,-3.61,8.95,37.24,95.0,23.6,20.21,46.04,-62.53666666666667,46.68000000000001
138.01,0.47,-3.92,8.51,37.24,95.0,23.6,19.51,45.32,-61.723333333333336,47.88666666666666
138.05,0.11,-2.97,9.13,37.24,95.0,23.6,20.9,45.68,-59.28,51.10999999999999
138.09,0.36,-2.97,8.79,37.24,95.0,23.6,19.86,46.41,-54.80000000000001,51.913333333333334
138.13,0.3,-3.68,9.31,37.24,95.0,23.6,21.13,45.68,-48.28,51.51
138.17,0.07,-3.44,9.06,37.24,95.0,23.6,19.86,46.04,-38.093333333333334,49.89666666666667
138.21,0.18,-3.44,9.01,37.24,95.0,23.6,19.86,46.04,-25.46333333333334,47.48333333333334
138.25,0.26,-2.46,9.41,37.24,95.0,23.6,20.09,48.32,-12.836666666666671,45.06666666666666
138.29,0.35,-1.11,9.24,37.24,95.0,23.6,20.21,45.68,0.19666666666666188,42.25000000000001
138.33,0.48,-1.1,9.4,37.24,95.0,23.6,19.39,46.04,10.789999999999997,39.833333333333336
138.37,0.27,-1.16,9.17,37.24,95.0,23.6,20.9,44.62,18.939999999999994,35.81000000000001
138.41,0.18,-1.31,8.8,37.24,95.0,23.6,17.49,45.68,26.27333333333333,30.173333333333336
138.45,0.28,-0.99,9.01,37.24,95.0,23.6,19.74,45.68,34.419999999999995,23.730000000000004
138.49,0.25,-0.43,9.19,37.24,95.0,23.6,19.86,46.04,40.529999999999994,16.080000000000002
138.53,0.46,0.73,9.12,37.24,95.0,23.6,19.86,46.04,44.19666666666666,7.223333333333335
138.57,0.37,0.76,9.07,37.24,95.0,23.6,19.97,44.62,46.23333333333333,-0.4266666666666647
138.61,0.31,0.98,9.29,37.24,95.0,23.6,19.62,46.04,48.676666666666655,-8.076666666666664
138.65,-0.2,0.42,9.29,37.24,95.0,23.6,20.09,46.04,49.083333333333336,-15.32333333333333
138.69,-0.27,1.5,8.85,37.24,95.0,23.6,20.09,46.41,50.306666666666665,-25.386666666666667
138.73,-0.12,1.35,9.63,37.24,95.0,23.6,20.67,45.68,50.71333333333333,-31.426666666666662
138.77,0.43,2.85,8.91,37.24,95.0,23.6,19.86,46.04,49.9,-37.46666666666666
138.81,0.4,3.2,8.83,37.24,95.0,23.6,19.97,44.28,47.453333333333326,-43.10333333333333
138.85,0.27,2.85,9.13,37.24,95.0,23.6,19.74,45.68,45.00999999999999,-47.13
138.89,0.28,1.76,9.06,37.24,95.0,23.6,20.9,44.28,44.19666666666666,-51.96
138.93,0.28,2.23,9.32,37.24,95.0,23.6,20.67,44.62,39.71666666666666,-51.556666666666665
138.97,0.25,2.53,9.47,37.24,95.0,23.6,20.09,46.04,34.82999999999999,-53.56999999999999
139.01,0.11,3.93,9.38,37.24,95.0,23.6,19.86,46.04,28.716666666666665,-51.156666666666666
139.05,0.48,1.44,9.31,37.24,95.0,23.6,20.44,44.28,23.826666666666664,-49.54666666666666
139.09,0.33,0.32,9.6,37.24,95.0,23.6,19.62,45.32,17.30666666666666,-42.70000000000001
139.13,0.76,1.09,8.9,37.24,95.0,23.6,20.44,46.41,13.233333333333329,-36.660000000000004
139.17,0.78,0.09,9.47,37.24,95.0,23.6,19.86,47.92,5.903333333333328,-26.19333333333333
139.21,0.12,1.07,9.1,37.24,95.0,23.6,20.09,46.04,-1.0200000000000056,-16.93333333333333
139.25,-0.03,-0.03,8.75,37.24,95.0,23.6,19.86,46.04,-9.98333333333334,-3.6466666666666634
139.29,0.06,-1.86,8.97,37.24,95.0,23.6,19.86,46.04,-17.72333333333334,6.01666666666667
139.33,0.12,-2.12,8.95,37.24,95.0,23.6,20.32,44.28,-26.686666666666667,16.483333333333334
139.37,0.66,-1.98,8.85,37.24,95.0,23.6,19.86,46.41,-35.64666666666667,23.326666666666668
139.41,0.87,-2.1,9.39,37.24,95.0,23.6,21.02,45.68,-41.76,32.18333333333334
139.45,1.76,-4.09,8.98,37.24,95.0,23.6,19.86,46.04,-47.870000000000005,37.82
139.49,0.68,-2.94,8.31,37.24,95.0,23.6,20.44,44.62,-51.943333333333335,43.45666666666667
139.53,0.45,-3.84,9.71,37.24,95.0,23.6,20.9,44.28,-58.05333333333334,45.873333333333335
139.57,0.46,-4.26,9.12,37.24,95.0,23.6,20.32,46.04,-61.720000000000006,49.49666666666667
139.61,-0.02,-3.34,9.12,37.24,95.0,23.6,20.32,46.04,-65.38666666666667,51.10666666666666
139.65,0.28,-3.55,8.94,37.24,95.0,23.6,20.09,46.04,-63.75666666666667,51.10666666666666
139.69,0.28,-3.69,9.81,37.24,95.0,23.6,20.09,44.62,-58.46333333333334,51.913333333333334
139.73,0.24,-3.98,9.96,37.24,95.0,23.6,19.62,45.68,-50.31666666666667,52.31666666666666
139.77,0.29,-3.51,9.12,37.24,95.0,23.6,19.39,45.68,-40.13333333333333,53.52333333333333
139.81,0.15,-3.13,9.09,37.24,95.0,23.6,19.27,45.68,-28.72666666666667,51.910000000000004
139.85,0.65,-2.6,9.11,37.24,95.0,23.6,20.32,45.68,-16.913333333333338,48.69
139.89,0.22,-1.64,9.61,37.24,95.0,23.6,20.21,45.68,-4.690000000000006,45.873333333333335
139.93,0.08,-0.56,9.02,37.24,95.0,23.6,19.62,46.04,7.1266666666666625,41.446666666666665
139.97,0.22,-1.06,9.32,37.24,95.0,23.6,20.21,44.62,19.756666666666664,37.01666666666667
140.01,-0.01,-1.05,9.02,37.24,95.0,23.6,18.56,44.97,27.49666666666666,30.573333333333338
140.05,0.1,-0.96,8.88,37.24,95.0,23.6,20.79,45.68,33.60666666666666,24.936666666666667
140.09,0.18,-0.43,8.98,37.24,95.0,23.6,19.62,44.28,36.86666666666667,18.093333333333337
140.13,0.41,0.24,9.18,37.24,95.0,23.6,19.39,45.68,40.94,11.250000000000002
140.17,0.47,0.73,8.99,37.24,95.0,23.6,19.62,46.04,42.97666666666666,2.393333333333336
140.21,0.0,0.95,9.08,37.24,95.0,23.6,20.44,44.28,45.01333333333333,-6.06333333333333
140.25,-0.2,1.11,9.02,37.24,95.0,23.6,20.09,44.62,47.45666666666667,-13.713333333333331
140.29,0.06,0.56,9.46,37.24,95.0,23.6,21.94,44.28,50.306666666666665,-22.169999999999998
140.33,0.22,1.97,9.02,37.24,95.0,23.6,21.13,44.28,51.93333333333333,-30.22
140.37,0.31,2.53,9.32,37.24,95.0,23.6,20.21,45.68,51.12,-36.26
140.41,0.34,2.99,9.19,37.24,95.0,23.6,20.21,44.28,47.86333333333332,-40.28666666666666
140.45,0.23,3.22,9.28,37.24,95.0,23.6,20.44,44.62,45.419999999999995,-42.300000000000004
140.49,0.25,2.0,9.18,37.24,95.0,23.6,22.05,44.28,43.383333333333326,-48.74
140.53,0.26,2.26,8.98,37.24,95.0,23.6,20.32,46.04,40.529999999999994,-51.96
140.57,0.37,2.6,8.64,37.24,95.0,23.6,20.44,44.28,36.45666666666666,-55.583333333333336
140.61,0.38,3.45,9.03,37.24,95.0,23.6,19.97,44.62,33.603333333333325,-52.76666666666667
140.65,0.32,2.44,9.15,37.24,95.0,23.6,19.97,46.04,30.75333333333333,-51.556666666666665
140.69,0.74,1.44,8.85,37.24,95.0,23.6,20.44,45.68,24.23666666666666,-45.11666666666667
140.73,-0.0,1.82,8.78,37.24,95.0,23.6,20.21,45.32,14.459999999999996,-38.67333333333333
140.77,0.38,0.27,8.92,37.24,95.0,23.6,19.39,45.68,5.496666666666662,-28.206666666666663
140.81,0.3,0.9,9.35,37.24,95.0,23.6,20.09,46.04,-0.6166666666666712,-20.959999999999997
140.85,0.21,0.73,9.03,37.24,95.0,23.6,20.09,46.04,-7.9500000000000055,-11.296666666666665
140.89,0.41,-1.45,9.1,37.24,95.0,23.6,20.56,44.28,-16.096666666666675,-0.02333333333333106
140.93,0.93,-2.39,9.18,37.24,95.0,23.6,19.86,46.04,-25.46666666666667,12.860000000000005
140.97,0.29,-2.83,9.33,37.24,95.0,23.6,20.09,46.04,-32.800000000000004,21.71666666666667
141.01,0.83,-2.7,9.19,37.24,95.0,23.6,20.09,44.62,-38.910000000000004,30.17
141.05,-0.08,-3.03,8.98,37.24,95.0,23.6,20.09,46.04,-45.42666666666668,35.406666666666666
141.09,0.25,-2.85,8.13,37.24,95.0,23.6,20.09,46.04,-51.943333333333335,42.653333333333336
141.13,0.41,-4.35,8.92,37.24,95.0,23.6,19.62,45.68,-57.64666666666667,46.27666666666667
141.17,0.31,-5.34,9.36,37.24,95.0,23.6,19.62,46.04,-62.53666666666667,51.10666666666666
141.21,0.27,-3.73,9.54,37.24,95.0,23.6,20.56,44.28,-64.57333333333334,53.120000000000005
141.25,0.55,-3.63,9.43,37.24,95.0,23.6,20.44,44.62,-64.16666666666667,53.120000000000005
141.29,0.37,-3.41,9.75,37.24,95.0,23.6,19.74,44.62,-57.64666666666667,51.51
141.33,0.55,-2.99,9.07,37.24,95.0,23.6,19.97,46.04,-49.093333333333334,49.093333333333334
141.37,0.31,-2.57,8.43,37.24,95.0,23.6,20.21,46.41,-37.68666666666667,47.48333333333333
141.41,0.05,-3.25,9.12,37.24,95.0,23.6,20.21,45.32,-29.13333333333333,46.67666666666667
141.45,0.15,-2.82,9.19,37.24,95.0,23.6,19.15,45.68,-16.503333333333334,45.47
141.49,0.27,-1.73,9.04,37.24,95.0,23.6,19.62,46.04,-7.543333333333334,43.86000000000001
141.53,0.34,-1.18,8.76,37.24,95.0,23.6,20.09,45.32,7.123333333333332,40.23666666666667
141.57,0.64,-1.41,9.24,37.24,95.0,23.6,19.97,44.97,15.270000000000001,37.416666666666664
141.61,0.35,-1.5,9.38,37.24,95.0,23.6,20.44,44.62,26.27,33.39
141.65,0.22,-1.32,9.11,37.24,95.0,23.6,20.56,45.32,33.196666666666665,28.96333333333334
141.69,0.34,-0.64,9.08,37.24,95.0,23.6,20.44,44.62,40.529999999999994,22.523333333333337
141.73,0.32,0.13,9.05,37.24,95.0,23.6,19.86,46.04,43.38333333333333,14.47
141.77,0.4,0.88,9.25,37.24,95.0,23.6,20.44,45.68,44.196666666666665,5.610000000000002
141.81,0.22,0.79,9.18,37.24,95.0,23.6,20.21,44.28,44.196666666666665,-2.846666666666664
141.85,0.12,0.83,9.06,37.24,95.0,23.6,18.8,44.97,47.45333333333334,-13.31333333333333
141.89,0.28,0.44,9.47,37.24,95.0,23.6,20.32,46.04,48.67666666666667,-21.766666666666662
141.93,0.06,0.9,9.38,37.24,95.0,23.6,20.79,44.62,49.900000000000006,-29.816666666666663
141.97,0.51,2.04,9.54,37.24,95.0,23.6,20.21,45.68,49.49333333333334,-35.453333333333326
142.01,0.3,3.43,9.37,37.24,95.0,23.6,20.21,45.68,50.306666666666665,-41.49333333333333
142.05,0.34,2.83,9.51,37.24,95.0,23.6,20.56,46.41,49.083333333333336,-47.93666666666667
142.09,0.24,2.21,9.15,37.24,95.0,23.6,20.44,43.94,45.82666666666666,-51.156666666666666
142.13,0.13,1.63,9.24,37.24,95.0,23.6,20.79,45.32,40.94,-51.96
142.17,0.24,2.1,9.06,37.24,95.0,23.6,20.44,44.62,37.68,-50.75
142.21,0.11,3.31,8.95,37.24,95.0,23.6,20.09,46.04,34.013333333333335,-51.956666666666656
142.25,0.51,3.18,9.41,37.24,95.0,23.6,21.02,44.62,29.939999999999998,-49.94333333333333
142.29,0.25,1.65,9.14,37.24,95.0,23.6,19.62,45.68,23.016666666666666,-45.919999999999995
142.33,0.03,1.38,9.32,37.24,95.0,23.6,20.21,45.68,17.313333333333333,-37.87
142.37,0.26,0.47,9.19,37.24,95.0,23.6,20.21,44.28,8.756666666666666,-29.819999999999993
142.41,0.44,0.73,9.0,37.24,95.0,23.6,20.44,44.62,3.4600000000000004,-21.36333333333333
142.45,0.41,-0.17,8.98,37.24,95.0,23.6,19.86,45.68,-5.503333333333333,-12.506666666666662
142.49,0.5,-1.18,8.98,37.24,95.0,23.6,20.09,44.62,-10.799999999999999,-2.036666666666664
142.53,0.3,-2.0,9.07,37.24,95.0,23.6,20.44,44.28,-20.983333333333334,8.026666666666669
142.57,0.21,-2.03,9.1,37.24,95.0,23.6,20.44,46.04,-28.72333333333333,18.093333333333337
142.61,0.11,-2.07,9.57,37.24,95.0,23.6,20.09,46.04,-38.093333333333334,26.950000000000003
142.65,0.75,-3.21,8.95,37.24,95.0,23.6,19.86,47.92,-43.79666666666666,35.00333333333334
142.69,-0.21,-3.01,8.65,37.24,95.0,23.6,20.67,44.62,-50.72333333333333,42.25
142.73,-0.1,-3.79,8.95,37.24,95.0,23.6,20.44,46.41,-54.38999999999999,44.666666666666664
142.77,0.29,-4.27,8.76,37.24,95.0,23.6,20.32,46.41,-59.68666666666667,46.27666666666667
142.81,-0.25,-3.43,9.03,37.24,95.0,23.6,20.44,43.94,-62.946666666666665,47.88666666666666
142.85,-0.05,-3.4,9.04,37.24,95.0,23.6,20.44,44.28,-65.39,48.69
142.89,0.16,-3.43,9.27,37.24,95.0,23.6,19.86,46.04,-63.35333333333333,50.300000000000004
142.93,0.2,-3.59,9.29,37.24,95.0,23.6,20.32,46.04,-56.833333333333336,48.69
142.97,0.32,-3.82,9.31,37.24,95.0,23.6,20.32,46.04,-46.24,49.49666666666667
143.01,-0.01,-3.1,8.93,37.24,95.0,23.6,19.62,45.68,-32.79666666666667,48.693333333333335
143.05,0.04,-2.84,9.19,37.24,95.0,23.6,19.86,45.32,-19.76,47.083333333333336
143.09,0.32,-2.13,9.06,37.24,95.0,23.6,21.02,44.62,-7.946666666666666,45.473333333333336
143.13,0.37,-1.59,9.34,37.24,95.0,23.6,20.44,44.28,2.646666666666667,41.04333333333334
143.17,0.3,-0.83,9.22,37.24,95.0,23.6,20.44,44.62,13.23666666666667,39.83666666666667
143.21,0.26,-1.43,9.0,37.24,95.0,23.6,19.86,46.04,21.790000000000003,34.2
143.25,0.26,-1.19,8.96,37.24,95.0,23.6,20.21,45.68,29.53,30.173333333333336
143.29,0.23,-0.97,8.99,37.24,95.0,23.6,19.62,45.68,36.45666666666667,21.71666666666667
143.33,0.18,-0.21,9.02,37.24,95.0,23.6,20.44,44.62,42.97666666666667,14.466666666666669
143.37,0.52,0.56,9.25,37.24,95.0,23.6,19.97,45.68,45.419999999999995,6.416666666666669
143.41,0.55,1.14,9.1,37.24,95.0,23.6,19.86,46.04,46.23333333333333,-1.633333333333331
143.45,0.38,0.65,9.25,37.24,95.0,23.6,19.62,43.94,48.27,-9.683333333333332
143.49,0.34,0.69,9.15,37.24,95.0,23.6,19.39,46.04,49.083333333333336,-17.736666666666665
143.53,0.42,1.14,8.86,37.24,95.0,23.6,19.97,45.32,51.53,-25.789999999999996
143.57,0.18,1.31,9.53,37.24,95.0,23.6,19.62,46.04,48.27,-32.63333333333333
143.61,0.31,3.55,9.15,37.24,95.0,23.6,20.44,44.28,47.86333333333334,-40.28333333333333
143.65,0.3,3.03,9.46,37.24,95.0,23.6,20.44,44.62,45.826666666666675,-43.906666666666666
143.69,0.25,2.83,9.39,37.24,95.0,23.6,19.97,45.68,44.196666666666665,-48.74
143.73,0.14,1.25,9.42,37.24,95.0,23.6,19.62,46.04,40.93666666666667,-49.946666666666665
143.77,0.34,1.65,9.62,37.24,95.0,23.6,20.09,46.04,35.63999999999999,-52.36333333333334
143.81,0.48,2.92,9.47,37.24,95.0,23.6,19.97,45.68,31.566666666666663,-51.15333333333333
143.85,0.84,2.94,9.45,37.24,95.0,23.6,19.86,46.04,27.086666666666662,-50.35
143.89,0.07,2.33,8.56,37.24,95.0,23.6,20.44,44.28,22.603333333333335,-48.336666666666666
143.93,0.19,1.57,9.13,37.24,95.0,23.6,20.21,45.68,16.493333333333336,-43.10333333333333
143.97,0.69,-0.34,9.0,37.24,95.0,23.6,19.86,46.04,10.790000000000001,-35.45333333333334
144.01,0.4,0.54,9.01,37.24,95.0,23.6,19.97,44.62,5.496666666666667,-25.790000000000003
144.05,0.28,0.19,8.94,37.24,95.0,23.6,20.09,46.41,-0.6133333333333333,-18.139999999999997
144.09,0.33,-0.68,8.91,37.24,95.0,23.6,20.21,45.32,-8.76,-8.476666666666665
144.13,-0.18,-1.66,8.87,37.24,95.0,23.6,20.09,44.97,-17.723333333333333,4.0033333333333365
144.17,-0.0,-1.59,8.64,37.24,95.0,23.6,20.44,44.28,-27.5,16.483333333333338
144.21,-0.12,-1.81,8.75,37.24,95.0,23.6,20.09,46.04,-34.02,25.743333333333336
144.25,0.55,-2.02,9.39,37.24,95.0,23.6,19.86,45.68,-43.38999999999999,32.99
144.29,0.54,-3.83,9.39,37.24,95.0,23.6,19.86,46.04,-49.91,40.64000000000001
144.33,0.62,-3.97,9.23,37.24,95.0,23.6,19.39,46.04,-58.056666666666665,46.27666666666667
144.37,0.08,-3.97,9.38,37.24,95.0,23.6,20.9,45.32,-62.13,50.70666666666667
144.41,0.29,-3.83,8.99,37.24,95.0,23.6,19.86,44.97,-65.39,51.106666666666676
144.45,0.44,-4.08,9.47,37.24,95.0,23.6,19.86,47.92,-66.20333333333333,52.716666666666676
144.49,0.21,-3.24,9.16,37.24,95.0,23.6,19.74,44.97,-64.98,51.910000000000004
144.53,0.46,-2.74,8.5,37.24,95.0,23.6,20.44,44.28,-58.866666666666674,49.900000000000006
144.57,0.19,-2.83,8.51,37.24,95.0,23.6,20.09,44.62,-48.68333333333334,49.09333333333334
144.61,0.16,-3.55,9.01,37.24,95.0,23.6,21.13,44.28,-35.65,46.68000000000001
144.65,0.15,-3.13,8.86,37.24,95.0,23.6,20.21,44.28,-23.02333333333333,47.080000000000005
144.69,0.16,-1.8,8.97,37.24,95.0,23.6,20.21,43.61,-11.616666666666667,43.45666666666667
144.73,0.28,-0.8,8.72,37.24,95.0,23.6,20.56,45.68,0.6066666666666668,40.23333333333334
144.77,0.6,-0.86,9.25,37.24,95.0,23.6,20.21,45.32,11.200000000000001,35.403333333333336
144.81,0.21,-1.46,9.15,37.24,95.0,23.6,20.32,46.04,20.57,32.58666666666667
144.85,0.28,-1.74,8.9,37.24,95.0,23.6,19.62,45.68,27.086666666666662,29.770000000000007
144.89,0.19,-1.29,9.17,37.24,95.0,23.6,20.09,46.04,32.79,25.340000000000003
144.93,0.2,-0.36,9.08,37.24,95.0,23.6,20.09,46.04,38.49333333333333,17.286666666666672
144.97,0.34,0.74,9.11,37.24,95.0,23.6,20.09,44.62,44.196666666666665,9.233333333333338
145.01,0.42,0.92,9.3,37.24,95.0,23.6,20.09,46.04,47.86333333333332,0.3766666666666711
145.05,0.76,0.76,9.36,37.24,95.0,23.6,20.32,44.62,51.53,-6.466666666666662
145.09,0.03,0.03,9.46,37.24,95.0,23.6,20.09,45.32,52.346666666666664,-15.726666666666665
145.13,-0.07,1.09,8.54,37.24,95.0,23.6,19.62,46.04,51.53,-22.16666666666666
145.17,0.59,1.33,9.28,37.24,95.0,23.6,20.56,44.62,49.086666666666666,-29.01
145.21,-0.03,3.47,8.85,37.24,95.0,23.6,20.09,46.04,46.63999999999999,-36.25666666666667
145.25,0.2,3.02,9.63,37.24,95.0,23.6,20.09,46.04,46.23333333333333,-43.10333333333333
145.29,0.24,3.1,9.22,37.24,95.0,23.6,19.62,45.68,45.416666666666664,-47.93666666666667
145.33,0.1,1.96,8.96,37.24,95.0,23.6,19.97,44.62,44.60333333333333,-50.35333333333333
145.37,0.13,2.15,9.18,37.24,95.0,23.6,19.15,45.68,40.53,-51.56
145.41,0.44,3.17,8.99,37.24,95.0,23.6,21.82,45.68,35.233333333333334,-53.169999999999995
145.45,0.03,3.77,9.0,37.24,95.0,23.6,20.09,44.97,30.753333333333334,-51.556666666666665
145.49,0.66,1.78,9.11,37.24,95.0,23.6,19.62,45.32,27.08666666666667,-47.126666666666665
145.53,0.05,1.84,8.4,37.24,95.0,23.6,20.21,44.28,20.569999999999997,-41.49
145.57,-0.04,0.37,9.22,37.24,95.0,23.6,20.32,46.04,11.200000000000001,-35.453333333333326
145.61,0.49,1.44,9.56,37.24,95.0,23.6,20.09,44.62,4.683333333333334,-29.013333333333332
145.65,0.33,1.12,9.12,37.24,95.0,23.6,19.86,46.04,-2.65,-19.75333333333333
145.69,0.5,-0.46,9.11,37.24,95.0,23.6,19.62,46.04,-9.576666666666666,-9.283333333333331
145.73,0.14,-1.82,9.04,37.24,95.0,23.6,20.21,44.97,-20.576666666666668,1.9900000000000027
145.77,0.19,-1.93,9.1,37.24,95.0,23.6,19.39,45.68,-27.909999999999997,14.070000000000002
145.81,0.3,-2.79,9.22,37.24,95.0,23.6,20.44,44.62,-34.42666666666667,25.74333333333334
145.85,0.29,-1.5,9.2,37.24,95.0,23.6,20.21,42.96,-40.53666666666667,33.39333333333334
145.89,0.51,-4.0,9.26,37.24,95.0,23.6,19.86,46.04,-48.276666666666664,39.833333333333336
145.93,0.22,-3.36,8.29,37.24,95.0,23.6,19.74,44.97,-55.203333333333326,43.85999999999999
145.97,0.12,-3.7,8.7,37.24,95.0,23.6,20.21,44.28,-59.276666666666664,49.093333333333334
146.01,0.15,-4.19,9.01,37.24,95.0,23.6,20.09,45.68,-61.72,50.300000000000004
146.05,0.34,-3.44,8.69,37.24,95.0,23.6,20.32,44.28,-64.16333333333334,51.910000000000004
146.09,0.39,-2.69,8.7,37.24,95.0,23.6,20.21,45.32,-63.35,50.300000000000004
146.13,0.54,-2.12,8.86,37.24,95.0,23.6,20.32,46.41,-59.276666666666664,50.300000000000004
146.17,0.44,-3.1,9.23,37.24,95.0,23.6,21.82,44.62,-50.31666666666666,48.28666666666667
146.21,0.11,-4.1,9.36,37.24,95.0,23.6,20.09,44.62,-38.096666666666664,48.690000000000005
146.25,0.01,-3.36,9.07,37.24,95.0,23.6,20.44,44.62,-25.876666666666665,48.69
146.29,0.08,-2.15,9.22,37.24,95.0,23.6,19.62,46.04,-14.876666666666667,48.29
146.33,0.23,-0.95,8.77,37.24,95.0,23.6,20.09,46.04,-6.32,44.666666666666664
146.37,0.62,-1.0,9.51,37.24,95.0,23.6,21.82,44.28,5.903333333333333,40.64333333333334
146.41,0.1,-1.32,9.07,37.24,95.0,23.6,19.62,45.32,15.273333333333333,35.81
146.45,-0.07,-1.27,8.99,37.24,95.0,23.6,20.44,44.28,25.863333333333333,30.173333333333336
146.49,0.19,-1.26,8.89,37.24,95.0,23.6,20.32,46.04,31.159999999999997,23.326666666666668
146.53,0.22,-0.41,9.17,37.24,95.0,23.6,20.32,45.32,40.53,16.080000000000002
146.57,0.23,0.7,9.1,37.24,95.0,23.6,20.67,44.62,43.79,10.040000000000003
146.61,0.25,0.79,9.06,37.24,95.0,23.6,19.62,45.68,48.676666666666655,3.196666666666669
146.65,0.72,0.46,9.0,37.24,95.0,23.6,20.21,44.97,48.27,-4.049999999999998
146.69,-0.41,0.49,9.03,37.24,95.0,23.6,19.74,46.78,49.086666666666666,-12.906666666666665
146.73,-0.12,1.35,8.46,37.24,95.0,23.6,19.62,44.62,49.49333333333334,-22.97333333333333
146.77,0.46,1.36,9.11,37.24,95.0,23.6,21.25,45.32,49.086666666666666,-32.23333333333333
146.81,0.25,3.0,9.07,37.24,95.0,23.6,19.51,44.62,48.67666666666667,-37.87
146.85,0.2,3.05,9.3,37.24,95.0,23.6,19.62,45.32,45.82666666666666,-41.49333333333333
146.89,0.18,2.85,9.39,37.24,95.0,23.6,20.09,44.62,44.19666666666666,-43.50666666666666
146.93,0.08,1.9,9.07,37.24,95.0,23.6,19.51,46.04,41.75333333333333,-48.74
146.97,0.18,2.06,9.45,37.24,95.0,23.6,20.44,45.68,38.086666666666666,-51.556666666666665
147.01,0.05,2.65,9.25,37.24,95.0,23.6,19.97,46.04,34.01333333333333,-52.35999999999999
147.05,0.46,3.15,9.4,37.24,95.0,23.6,20.44,44.62,31.163333333333338,-49.94666666666666
147.09,0.55,1.99,9.51,37.24,95.0,23.6,19.62,45.68,27.090000000000003,-46.72666666666667
147.13,0.8,1.42,8.7,37.24,95.0,23.6,19.62,46.04,20.976666666666667,-43.10333333333333
147.17,-0.07,0.91,9.23,37.24,95.0,23.6,19.86,44.97,12.42,-37.46666666666667
147.21,0.07,1.39,9.01,37.24,95.0,23.6,20.32,45.32,6.716666666666666,-32.23333333333333
147.25,-0.06,1.24,8.74,37.24,95.0,23.6,19.74,45.68,0.19999999999999987,-21.766666666666666
147.29,0.29,0.1,8.8,37.24,95.0,23.6,19.86,45.32,-6.316666666666666,-12.506666666666666
147.33,0.39,-1.65,9.05,37.24,95.0,23.6,19.86,46.04,-16.093333333333334,-0.4266666666666641
147.37,0.32,-2.05,9.04,37.24,95.0,23.6,20.21,46.04,-25.05666666666667,8.833333333333336
147.41,0.38,-2.54,8.92,37.24,95.0,23.6,19.62,46.04,-32.79666666666667,21.316666666666666
147.45,0.3,-2.2,9.19,37.24,95.0,23.6,19.74,44.97,-40.53666666666667,31.38
147.49,0.39,-1.89,8.34,37.24,95.0,23.6,20.44,43.94,-47.053333333333335,38.22333333333333
147.53,-0.31,-3.03,9.36,37.24,95.0,23.6,19.62,46.41,-54.79333333333333,43.856666666666676
147.57,0.4,-4.07,8.54,37.24,95.0,23.6,19.86,44.97,-59.276666666666664,46.67666666666667
147.61,0.4,-4.75,9.31,37.24,95.0,23.6,20.56,44.62,-60.906666666666666,50.300000000000004
147.65,0.36,-4.38,9.63,37.24,95.0,23.6,19.74,44.97,-62.13,50.300000000000004
147.69,0.63,-3.7,9.36,37.24,95.0,23.6,19.86,45.32,-60.093333333333334,49.49333333333334
147.73,0.39,-3.13,9.36,37.24,95.0,23.6,20.32,46.04,-58.05666666666667,48.690000000000005
147.77,0.72,-3.2,9.03,37.24,95.0,23.6,20.32,45.32,-48.28,48.29
147.81,0.29,-2.86,8.59,37.24,95.0,23.6,19.86,45.68,-40.54,49.900000000000006
147.85,0.2,-3.16,8.94,37.24,95.0,23.6,19.62,46.04,-29.540000000000006,50.300000000000004
147.89,0.36,-2.79,8.76,37.24,95.0,23.6,19.51,44.28,-21.800000000000008,49.49333333333334
147.93,0.15,-1.59,8.87,37.24,95.0,23.6,20.09,45.32,-9.170000000000005,46.27333333333333
147.97,0.39,-1.39,9.25,37.24,95.0,23.6,20.9,44.62,2.2366666666666624,42.65
148.01,0.36,-1.27,9.33,37.24,95.0,23.6,19.04,44.28,14.049999999999997,37.416666666666664
148.05,0.28,-1.38,9.1,37.24,95.0,23.6,20.21,44.28,23.419999999999998,32.58666666666667
148.09,0.26,-1.4,9.02,37.24,95.0,23.6,19.62,45.32,30.75333333333333,27.75666666666667
148.13,0.24,-0.86,9.06,37.24,95.0,23.6,19.86,46.04,36.86666666666666,21.313333333333336
148.17,0.28,0.11,9.19,37.24,95.0,23.6,21.71,46.78,43.383333333333326,13.663333333333336
148.21,-0.05,0.99,8.82,37.24,95.0,23.6,19.74,45.68,48.26999999999999,5.210000000000003
148.25,-0.17,1.05,9.03,37.24,95.0,23.6,22.28,44.28,52.75,-3.243333333333331
148.29,-0.2,0.71,8.97,37.24,95.0,23.6,21.02,44.62,52.34333333333333,-10.489999999999997
148.33,-0.03,0.69,9.26,37.24,95.0,23.6,20.09,46.04,51.12333333333333,-20.55666666666666
148.37,0.08,1.18,8.95,37.24,95.0,23.6,21.02,44.62,49.9,-27.803333333333327
148.41,0.07,1.98,9.21,37.24,95.0,23.6,19.62,45.68,47.86333333333332,-33.84333333333333
148.45,0.19,3.52,9.16,37.24,95.0,23.6,20.44,46.04,47.453333333333326,-40.283333333333324
148.49,0.27,3.05,9.21,37.24,95.0,23.6,20.56,44.62,44.603333333333325,-43.90666666666666
148.53,0.03,1.95,9.38,37.24,95.0,23.6,20.44,44.28,42.97333333333333,-49.946666666666665
148.57,0.03,1.46,9.29,37.24,95.0,23.6,20.56,44.28,40.12333333333333,-50.349999999999994
148.61,0.29,2.04,9.43,37.24,95.0,23.6,20.56,45.32,37.26999999999999,-53.169999999999995
148.65,0.31,2.99,9.44,37.24,95.0,23.6,20.09,46.04,33.603333333333325,-52.36333333333334
148.69,0.48,3.16,9.0,37.24,95.0,23.6,20.21,44.28,29.529999999999998,-51.156666666666666
148.73,0.72,0.7,9.11,37.24,95.0,23.6,19.86,44.62,25.456666666666663,-47.53333333333333
148.77,-0.24,1.57,9.21,37.24,95.0,23.6,20.67,44.62,18.12666666666666,-41.09333333333333
148.81,0.76,0.35,9.4,37.24,95.0,23.6,19.86,46.04,10.386666666666661,-33.846666666666664
148.85,0.45,0.12,9.6,37.24,95.0,23.6,18.21,46.41,1.016666666666662,-23.779999999999998
148.89,0.41,-0.26,9.31,37.24,95.0,23.6,21.02,44.62,-5.096666666666672,-12.906666666666661
148.93,0.07,-1.1,8.86,37.24,95.0,23.6,20.44,44.62,-11.210000000000006,-1.229999999999995
148.97,0.44,-1.39,9.05,37.24,95.0,23.6,20.21,44.97,-19.76333333333334,10.043333333333338
149.01,0.53,-2.07,9.22,37.24,95.0,23.6,20.32,44.62,-26.280000000000005,19.703333333333337
149.05,0.72,-2.62,9.05,37.24,95.0,23.6,19.97,44.97,-36.870000000000005,28.96333333333334
149.09,0.63,-2.59,9.47,37.24,95.0,23.6,20.9,44.28,-43.796666666666674,35.403333333333336
149.13,0.21,-2.26,8.04,37.24,95.0,23.6,19.62,46.04,-53.573333333333345,41.443333333333335
149.17,-0.05,-3.89,9.46,37.24,95.0,23.6,19.86,44.97,-58.46333333333334,44.663333333333334
149.21,-0.17,-3.47,9.0,37.24,95.0,23.6,20.44,44.62,-60.90666666666667,48.69
149.25,0.19,-3.79,9.11,37.24,95.0,23.6,19.74,45.68,-61.31333333333334,51.10666666666666
149.29,0.11,-3.53,9.1,37.24,95.0,23.6,18.92,45.32,-60.09,50.70333333333334
149.33,0.44,-2.75,8.71,37.24,95.0,23.6,19.62,44.97,-57.24000000000001,51.10666666666666
149.37,0.24,-3.14,9.12,37.24,95.0,23.6,20.09,44.62,-49.910000000000004,49.093333333333334
149.41,0.19,-3.95,9.38,37.24,95.0,23.6,19.74,46.04,-39.31666666666667,50.303333333333335
149.45,0.32,-3.66,8.99,37.24,95.0,23.6,19.97,45.32,-30.760000000000005,48.693333333333335
149.49,0.16,-2.76,9.09,37.24,95.0,23.6,19.39,46.41,-19.760000000000005,47.88666666666668
149.53,0.34,-2.02,9.36,37.24,95.0,23.6,20.09,44.97,-9.170000000000003,46.67666666666668
149.57,0.22,-1.07,8.77,37.24,95.0,23.6,20.44,44.28,3.049999999999995,43.05333333333334
149.61,0.32,-1.29,9.25,37.24,95.0,23.6,19.39,46.04,13.643333333333329,39.833333333333336
149.65,0.5,-1.5,8.94,37.24,95.0,23.6,19.86,46.04,21.383333333333326,33.796666666666674
149.69,0.46,-1.24,8.98,37.24,95.0,23.6,20.67,43.28,30.75333333333333,27.75666666666667
149.73,0.19,-0.79,9.09,37.24,95.0,23.6,20.9,44.62,35.63999999999999,20.510000000000005
149.77,0.26,0.15,9.04,37.24,95.0,23.6,20.56,45.32,42.97333333333333,14.06666666666667
149.81,0.4,0.44,9.17,37.24,95.0,23.6,20.67,44.62,45.00999999999999,6.820000000000005
149.85,0.21,0.52,9.32,37.24,95.0,23.6,19.86,45.32,48.26999999999999,-2.4399999999999955
149.89,-0.4,0.78,9.23,37.24,95.0,23.6,19.74,44.97,47.04666666666666,-11.296666666666662
149.93,0.41,0.54,9.23,37.24,95.0,23.6,19.97,44.28,47.86333333333332,-20.55666666666666
149.97,0.24,1.19,9.07,37.24,95.0,23.6,20.67,44.62,45.826666666666654,-27.399999999999995
150.01,0.3,1.91,9.32,37.24,95.0,23.6,18.92,46.04,45.419999999999995,-35.85666666666666
150.05,0.32,3.21,9.11,37.24,95.0,23.6,20.9,44.62,44.603333333333325,-41.089999999999996
150.09,0.2,2.81,9.18,37.24,95.0,23.6,19.86,46.04,43.78999999999999,-45.11666666666667
150.13,0.14,2.3,9.32,37.24,95.0,23.6,19.62,45.32,42.57,-46.32333333333333
150.17,0.11,1.81,9.64,37.24,95.0,23.6,20.67,45.32,40.126666666666665,-47.93333333333333
150.21,0.14,2.19,9.33,37.24,95.0,23.6,20.09,45.32,39.71666666666666,-51.556666666666665
150.25,0.26,2.98,9.27,37.24,95.0,23.6,19.62,47.92,35.23333333333333,-51.96
150.29,0.37,3.04,9.28,37.24,95.0,23.6,20.56,44.62,31.56666666666666,-51.156666666666666
150.33,0.05,1.45,9.29,37.24,95.0,23.6,20.44,44.28,24.23333333333333,-48.34
150.37,-0.21,0.56,9.02,37.24,95.0,23.6,20.21,44.97,17.71666666666666,-43.50666666666667
150.41,0.09,0.57,9.02,37.24,95.0,23.6,20.32,45.32,12.013333333333328,-37.06333333333333
150.45,0.07,0.89,9.18,37.24,95.0,23.6,19.62,46.04,4.273333333333329,-26.193333333333328
150.49,0.17,0.61,9.0,37.24,95.0,23.6,20.56,46.04,-2.6533333333333378,-17.336666666666662
150.53,-0.08,-0.32,8.82,37.24,95.0,23.6,20.44,44.62,-10.800000000000004,-5.259999999999995
150.57,-0.22,-1.31,8.61,37.24,95.0,23.6,20.56,44.62,-17.72333333333334,6.820000000000005
150.61,-0.27,-1.71,8.5,37.24,95.0,23.6,19.86,46.04,-26.27666666666667,18.896666666666672
150.65,0.58,-3.01,9.05,37.24,95.0,23.6,22.74,44.62,-35.646666666666675,27.75666666666667
150.69,0.29,-2.76,9.41,37.24,95.0,23.6,20.32,46.78,-42.57333333333334,35.406666666666666
150.73,0.1,-3.16,8.13,37.24,95.0,23.6,19.97,44.62,-46.650000000000006,41.04333333333334
150.77,0.36,-3.08,9.02,37.24,95.0,23.6,19.97,45.68,-53.17000000000001,47.48333333333334
150.81,0.3,-4.47,9.69,37.24,95.0,23.6,19.97,45.68,-58.46666666666667,51.10666666666666
150.85,0.13,-4.19,9.78,37.24,95.0,23.6,19.62,46.41,-63.76000000000001,53.52333333333333
150.89,0.49,-3.71,8.94,37.24,95.0,23.6,20.09,45.32,-61.723333333333336,52.71666666666667
150.93,0.6,-3.72,8.81,37.24,95.0,23.6,19.62,46.04,-60.09333333333334,51.910000000000004
150.97,0.45,-2.95,8.65,37.24,95.0,23.6,19.86,44.97,-53.98333333333334,49.89666666666667
151.01,0.28,-3.07,8.26,37.24,95.0,23.6,20.9,45.32,-47.870000000000005,50.300000000000004
151.05,0.15,-3.57,8.99,37.24,95.0,23.6,21.36,44.28,-37.683333333333344,48.69
151.09,0.21,-2.95,8.93,37.24,95.0,23.6,20.09,45.32,-24.240000000000013,48.28666666666667
151.13,0.41,-1.72,8.83,37.24,95.0,23.6,19.74,44.97,-13.243333333333341,45.470000000000006
151.17,0.58,-1.61,8.98,37.24,95.0,23.6,20.44,44.28,-0.21000000000000915,41.84666666666667
151.21,0.24,-1.34,9.38,37.24,95.0,23.6,19.74,44.28,7.5299999999999905,39.03
151.25,0.25,-1.35,9.07,37.24,95.0,23.6,20.32,45.32,20.15999999999999,34.6
151.29,0.19,-1.39,9.24,37.24,95.0,23.6,20.32,45.32,29.123333333333324,29.36666666666667
151.33,0.14,-0.61,9.1,37.24,95.0,23.6,19.62,45.32,37.26999999999999,23.32666666666667
151.37,0.22,-0.09,9.05,37.24,95.0,23.6,20.21,44.28,40.93666666666666,16.080000000000005
151.41,0.6,0.46,9.15,37.24,95.0,23.6,20.67,44.28,43.37999999999999,9.236666666666672
151.45,0.79,0.59,9.33,37.24,95.0,23.6,20.56,44.28,45.826666666666654,1.5866666666666713
151.49,0.51,0.3,9.54,37.24,95.0,23.6,19.86,45.32,47.456666666666656,-7.269999999999996
151.53,0.15,0.28,8.97,37.24,95.0,23.6,21.13,44.62,49.90333333333333,-16.529999999999998
151.57,0.62,0.59,9.21,37.24,95.0,23.6,20.9,46.41,49.08666666666665,-24.58
151.61,0.39,2.1,9.2,37.24,95.0,23.6,20.21,45.68,49.49333333333332,-30.216666666666665
151.65,0.37,3.51,9.26,37.24,95.0,23.6,20.79,45.68,46.639999999999986,-35.85333333333333
151.69,0.16,2.79,9.37,37.24,95.0,23.6,19.62,46.04,45.826666666666654,-41.893333333333324
151.73,0.35,2.26,9.22,37.24,95.0,23.6,20.09,46.04,42.97666666666665,-47.93333333333334
151.77,0.3,1.74,9.25,37.24,95.0,23.6,20.21,46.04,40.12666666666666,-49.946666666666665
151.81,0.27,2.74,9.0,37.24,95.0,23.6,20.9,44.28,37.67999999999999,-52.76666666666667
151.85,0.24,3.48,9.58,37.24,95.0,23.6,20.09,44.62,36.04999999999999,-53.169999999999995
151.89,0.17,3.14,9.42,37.24,95.0,23.6,19.15,45.32,32.38333333333332,-51.96333333333333
151.93,0.16,2.15,9.05,37.24,95.0,23.6,20.56,46.04,27.903333333333325,-49.95000000000001
151.97,0.31,1.19,9.47,37.24,95.0,23.6,20.21,44.97,20.163333333333323,-44.31333333333333
152.01,0.87,0.49,9.03,37.24,95.0,23.6,20.32,45.32,14.053333333333322,-39.080000000000005
152.05,0.34,0.64,9.38,37.24,95.0,23.6,20.21,45.68,8.34999999999999,-29.819999999999997
152.09,-0.07,1.02,8.76,37.24,95.0,23.6,19.97,46.04,1.8299999999999903,-19.349999999999998
152.13,0.1,0.14,8.86,37.24,95.0,23.6,20.56,44.62,-4.690000000000009,-8.879999999999997
152.17,-0.13,-1.03,8.87,37.24,95.0,23.6,20.67,44.97,-15.69000000000001,3.6033333333333366
152.21,-0.1,-1.99,8.57,37.24,95.0,23.6,20.9,43.94,-25.060000000000013,13.263333333333335
152.25,-0.54,-2.51,8.46,37.24,95.0,23.6,19.74,45.32,-33.20666666666668,24.936666666666667
152.29,0.17,-3.22,9.41,37.24,95.0,23.6,20.09,46.04,-40.13000000000002,32.98666666666667
152.33,-0.37,-2.84,8.18,37.24,95.0,23.6,19.62,45.68,-47.870000000000005,41.84666666666667
152.37,-0.07,-3.33,8.59,37.24,95.0,23.6,20.21,44.97,-56.01666666666667,46.68000000000001
152.41,0.08,-3.92,8.99,37.24,95.0,23.6,21.36,44.28,-60.50000000000001,48.29
152.45,-0.34,-2.52,7.92,37.24,95.0,23.6,20.44,44.62,-61.31333333333334,49.093333333333334
152.49,0.2,-3.88,8.96,37.24,95.0,23.6,20.32,46.04,-62.13000000000002,47.88333333333333
152.53,0.39,-3.01,9.41,37.24,95.0,23.6,19.39,46.04,-60.50000000000001,48.69
152.57,0.25,-2.46,8.7,37.24,95.0,23.6,20.09,46.04,-56.83333333333334,46.67666666666667
152.61,0.29,-3.36,9.37,37.24,95.0,23.6,19.74,44.28,-47.463333333333345,46.276666666666664
152.65,0.11,-4.15,9.53,37.24,95.0,23.6,20.21,44.28,-37.27666666666668,47.080000000000005
152.69,0.07,-3.19,9.09,37.24,95.0,23.6,20.56,44.28,-25.056666666666676,47.48333333333333
152.73,0.1,-2.26,8.98,37.24,95.0,23.6,19.97,44.62,-12.836666666666675,47.080000000000005
152.77,0.73,-1.39,8.66,37.24,95.0,23.6,20.56,44.28,0.19666666666665714,44.666666666666664
152.81,0.34,-1.38,9.24,37.24,95.0,23.6,21.02,46.41,12.41999999999999,41.043333333333344
152.85,0.25,-1.53,9.24,37.24,95.0,23.6,18.09,44.62,19.753333333333327,37.42000000000001
152.89,0.21,-1.47,8.82,37.24,95.0,23.6,20.21,44.28,26.67999999999999,32.586666666666666
152.93,0.2,-0.95,9.0,37.24,95.0,23.6,20.09,44.62,32.383333333333326,27.75666666666667
152.97,0.12,-0.12,9.11,37.24,95.0,23.6,19.62,44.97,38.90333333333332,21.71666666666667
153.01,0.26,0.89,9.05,37.24,95.0,23.6,20.21,43.28,44.19999999999999,13.263333333333335
153.05,0.23,0.74,9.23,37.24,95.0,23.6,20.44,44.62,46.23666666666666,5.210000000000003
153.09,0.0,0.26,9.65,37.24,95.0,23.6,19.39,46.04,46.643333333333324,-3.243333333333331
153.13,-0.12,-0.05,9.46,37.24,95.0,23.6,19.62,46.04,45.41999999999999,-12.099999999999996
153.17,0.42,0.07,9.17,37.24,95.0,23.6,20.79,46.04,44.603333333333325,-20.153333333333332
153.21,0.29,1.74,9.17,37.24,95.0,23.6,20.44,44.97,47.04666666666666,-29.816666666666663
153.25,0.29,2.67,9.41,37.24,95.0,23.6,19.86,46.04,47.04666666666665,-35.050000000000004
153.29,0.2,3.35,9.21,37.24,95.0,23.6,20.09,46.04,46.23333333333333,-41.49
153.33,0.14,2.97,9.26,37.24,95.0,23.6,20.09,46.04,43.383333333333326,-45.11333333333334
153.37,0.02,1.67,9.23,37.24,95.0,23.6,20.21,43.28,41.34666666666666,-51.15333333333333
153.41,0.2,1.88,8.97,37.24,95.0,23.6,19.97,46.04,40.93999999999999,-54.373333333333335
153.45,0.06,2.77,8.98,37.24,95.0,23.6,20.32,45.68,39.309999999999995,-56.79
153.49,0.34,3.03,10.03,37.24,95.0,23.6,20.21,45.68,36.86666666666665,-54.373333333333335
153.53,0.26,2.36,9.23,37.24,95.0,23.6,19.04,44.97,29.533333333333328,-51.15333333333333
153.57,-0.12,1.72,9.24,37.24,95.0,23.6,19.62,45.68,21.793333333333322,-43.90666666666666
153.61,0.26,0.19,9.59,37.24,95.0,23.6,20.32,46.04,13.236666666666657,-37.06333333333333
153.65,-0.1,0.85,9.48,37.24,95.0,23.6,20.44,44.28,7.533333333333324,-29.816666666666663
153.69,-0.06,0.28,9.14,37.24,95.0,23.6,20.44,44.62,1.013333333333324,-20.556666666666665
153.73,0.23,0.14,9.01,37.24,95.0,23.6,20.21,44.28,-6.32000000000001,-9.686666666666666
153.77,0.21,-0.93,9.01,37.24,95.0,23.6,19.74,42.96,-13.246666666666677,0.3766666666666687
153.81,0.31,-1.87,9.15,37.24,95.0,23.6,20.9,44.28,-22.206666666666678,9.233333333333336
153.85,0.39,-2.51,9.36,37.24,95.0,23.6,20.67,44.62,-29.946666666666676,18.493333333333336
153.89,0.07,-2.02,8.71,37.24,95.0,23.6,19.62,44.97,-38.09333333333334,30.573333333333334
153.93,0.63,-3.59,9.0,37.24,95.0,23.6,20.21,45.68,-42.98333333333334,39.833333333333336
153.97,0.21,-2.88,8.67,37.24,95.0,23.6,19.62,45.68,-48.27666666666667,46.67666666666667
154.01,0.63,-4.6,9.41,37.24,95.0,23.6,20.32,46.04,-53.98000000000001,50.70333333333334
154.05,0.28,-3.97,9.17,37.24,95.0,23.6,20.56,44.97,-59.68333333333334,51.913333333333334
154.09,0.47,-4.25,9.52,37.24,95.0,23.6,20.32,47.92,-61.31333333333334,50.70666666666667
154.13,0.26,-3.59,9.16,37.24,95.0,23.6,20.44,46.41,-58.870000000000005,48.29
154.17,0.68,-3.41,9.36,37.24,95.0,23.6,20.56,44.97,-55.20333333333334,49.093333333333334
154.21,0.68,-3.15,8.98,37.24,95.0,23.6,20.44,43.94,-48.686666666666675,47.88666666666666
154.25,0.37,-3.21,8.64,37.24,95.0,23.6,20.21,44.62,-41.760000000000005,49.093333333333334
154.29,0.22,-3.43,8.99,37.24,95.0,23.6,19.86,45.68,-30.760000000000005,46.27666666666667
154.33,0.3,-2.54,8.83,37.24,95.0,23.6,20.32,45.32,-18.130000000000006,45.873333333333335
154.37,0.3,-1.59,8.87,37.24,95.0,23.6,21.82,44.62,-7.133333333333341,42.25
154.41,0.36,-0.88,8.88,37.24,95.0,23.6,19.39,46.04,3.0499999999999923,41.443333333333335
154.45,0.26,-1.04,9.35,37.24,95.0,23.6,19.62,46.04,10.383333333333326,38.223333333333336
154.49,0.08,-1.56,9.33,37.24,95.0,23.6,20.44,44.28,20.569999999999993,32.99
154.53,0.29,-1.32,8.94,37.24,95.0,23.6,18.92,46.04,27.903333333333325,26.950000000000003
154.57,0.26,-0.7,9.1,37.24,95.0,23.6,19.51,44.28,35.23666666666666,21.313333333333336
154.61,0.49,0.19,9.08,37.24,95.0,23.6,20.32,46.04,38.90333333333333,16.080000000000002
154.65,0.6,0.9,9.37,37.24,95.0,23.6,19.74,44.97,44.19999999999999,6.016666666666669
154.69,0.31,0.66,9.14,37.24,95.0,23.6,20.32,46.04,46.643333333333324,-2.8433333333333306
154.73,0.69,0.12,9.4,37.24,95.0,23.6,20.09,46.04,47.86333333333332,-12.906666666666666
154.77,-0.2,0.47,8.91,37.24,95.0,23.6,20.32,44.28,46.23333333333332,-19.749999999999996
154.81,0.16,1.17,9.44,37.24,95.0,23.6,20.44,44.97,45.41666666666665,-27.399999999999995
154.85,0.24,1.99,9.48,37.24,95.0,23.6,20.21,44.97,44.603333333333325,-33.843333333333334
154.89,0.45,3.37,9.32,37.24,95.0,23.6,20.21,44.62,45.00999999999999,-38.67666666666667
154.93,0.28,2.98,9.23,37.24,95.0,23.6,20.44,44.62,44.603333333333325,-43.50666666666666
154.97,0.08,1.72,9.33,37.24,95.0,23.6,20.09,46.04,43.379999999999995,-47.93666666666667
155.01,0.19,1.33,9.12,37.24,95.0,23.6,20.44,44.62,42.15999999999999,-50.75333333333333
155.05,0.08,2.11,9.39,37.24,95.0,23.6,19.97,42.0,38.89999999999999,-51.96
155.09,0.09,2.89,9.87,37.24,95.0,23.6,20.21,44.28,34.01333333333332,-49.54333333333333
155.13,-0.21,2.88,9.67,37.24,95.0,23.6,20.44,44.62,27.89999999999999,-47.129999999999995
155.17,0.13,2.28,9.11,37.24,95.0,23.6,20.56,44.28,20.56999999999999,-42.703333333333326
155.21,0.2,1.09,9.04,37.24,95.0,23.6,20.79,46.04,14.866666666666658,-38.27333333333333
155.25,-0.12,0.38,9.36,37.24,95.0,23.6,20.56,45.32,9.97999999999999,-32.63666666666666
155.29,0.75,0.06,9.63,37.24,95.0,23.6,20.44,44.97,3.0533333333333226,-25.39
155.33,0.43,0.12,9.12,37.24,95.0,23.6,20.44,44.28,-3.466666666666677,-15.729999999999999
155.37,0.44,-1.0,8.83,37.24,95.0,23.6,19.62,44.97,-12.836666666666678,-3.6499999999999972
155.41,0.06,-1.62,8.93,37.24,95.0,23.6,19.97,44.28,-20.57666666666668,7.623333333333336
155.45,0.59,-1.99,8.89,37.24,95.0,23.6,19.86,46.04,-28.316666666666677,19.703333333333337
155.49,0.82,-2.41,9.08,37.24,95.0,23.6,20.44,42.96,-34.83666666666667,27.353333333333335
155.53,0.64,-2.19,8.52,37.24,95.0,23.6,20.44,45.68,-40.54000000000001,36.61333333333334
155.57,0.79,-2.65,9.26,37.24,95.0,23.6,20.79,44.97,-48.28000000000001,42.653333333333336
155.61,0.76,-4.36,9.46,37.24,95.0,23.6,20.32,46.04,-56.02000000000001,48.69
155.65,0.23,-3.65,9.06,37.24,95.0,23.6,21.02,45.32,-61.31666666666667,51.10666666666666
155.69,0.24,-3.7,9.38,37.24,95.0,23.6,19.74,45.68,-62.53666666666667,52.31333333333333
155.73,0.32,-3.71,9.37,37.24,95.0,23.6,19.39,46.04,-61.720000000000006,53.52333333333333
155.77,0.01,-3.67,9.67,37.24,95.0,23.6,20.9,44.62,-58.86666666666668,52.31666666666666
155.81,0.45,-3.7,9.16,37.24,95.0,23.6,19.86,45.32,-51.12666666666669,50.303333333333335
155.85,0.39,-3.27,8.87,37.24,95.0,23.6,20.09,44.62,-40.53666666666668,49.09333333333334
155.89,0.2,-3.17,8.8,37.24,95.0,23.6,19.74,44.97,-29.13000000000001,47.88333333333333
155.93,0.17,-2.85,9.04,37.24,95.0,23.6,19.39,46.04,-19.76000000000001,47.48
155.97,0.33,-1.96,8.87,37.24,95.0,23.6,19.86,46.04,-10.39000000000001,44.26
156.01,0.39,-1.07,9.53,37.24,95.0,23.6,21.59,44.62,1.0166666666666568,43.053333333333335
156.05,0.53,-0.98,9.18,37.24,95.0,23.6,19.51,45.68,11.606666666666657,40.23666666666667
156.09,0.14,-1.54,9.28,37.24,95.0,23.6,20.09,45.32,21.793333333333322,35.40666666666667
156.13,0.13,-1.61,9.13,37.24,95.0,23.6,20.32,44.97,28.30999999999999,29.77
156.17,0.21,-0.91,9.03,37.24,95.0,23.6,20.21,45.32,35.23666666666666,20.913333333333338
156.21,0.34,0.04,9.12,37.24,95.0,23.6,19.39,45.68,40.12333333333333,15.680000000000001
156.25,0.16,0.8,9.22,37.24,95.0,23.6,19.97,43.28,45.826666666666654,5.613333333333336
156.29,0.18,1.05,9.02,37.24,95.0,23.6,19.39,45.68,47.86333333333332,0.3766666666666687
156.33,0.38,0.54,9.03,37.24,95.0,23.6,20.67,46.04,50.71666666666666,-8.883333333333331
156.37,0.42,0.34,8.88,37.24,95.0,23.6,20.09,46.04,49.08666666666665,-16.13
156.41,-0.23,1.41,8.62,37.24,95.0,23.6,19.62,45.68,48.26999999999999,-24.986666666666665
156.45,-0.28,2.01,9.25,37.24,95.0,23.6,20.09,46.04,45.00999999999999,-33.04
156.49,0.24,3.96,9.16,37.24,95.0,23.6,20.09,45.32,46.639999999999986,-39.48
156.53,0.29,2.93,9.72,37.24,95.0,23.6,19.62,48.32,45.01333333333332,-45.51666666666667
156.57,0.2,2.82,8.99,37.24,95.0,23.6,20.09,45.68,44.19999999999999,-50.346666666666664
156.61,0.09,1.67,9.08,37.24,95.0,23.6,20.79,44.62,39.30999999999999,-52.76333333333333
156.65,0.32,1.93,9.36,37.24,95.0,23.6,20.09,46.04,37.26999999999999,-54.776666666666664
156.69,0.18,3.4,9.5,37.24,95.0,23.6,20.79,44.62,33.603333333333325,-53.166666666666664
156.73,0.54,3.27,9.56,37.24,95.0,23.6,20.09,45.32,31.159999999999986,-52.76333333333333
156.77,0.15,1.33,9.12,37.24,95.0,23.6,20.67,44.28,24.643333333333327,-49.13999999999999
156.81,0.73,0.96,8.93,37.24,95.0,23.6,20.67,45.68,17.716666666666658,-43.10333333333333
156.85,-0.01,1.55,8.79,37.24,95.0,23.6,20.09,45.68,11.19999999999999,-33.843333333333334
156.89,0.78,0.17,9.53,37.24,95.0,23.6,19.39,46.78,5.08999999999999,-23.376666666666665
156.93,0.07,0.36,9.05,37.24,95.0,23.6,20.56,43.94,-2.243333333333343,-14.116666666666665
156.97,-0.05,-0.1,8.81,37.24,95.0,23.6,19.62,45.68,-11.613333333333344,-3.246666666666665
157.01,0.11,-1.27,8.98,37.24,95.0,23.6,20.09,44.62,-18.133333333333344,7.2200000000000015
157.05,0.1,-2.22,9.03,37.24,95.0,23.6,19.62,44.97,-25.46666666666668,18.493333333333336
157.09,0.41,-1.47,8.49,37.24,95.0,23.6,21.13,44.28,-31.170000000000005,25.33666666666667
157.13,0.69,-2.64,9.46,37.24,95.0,23.6,20.09,46.04,-40.13,32.18333333333334
157.17,0.33,-2.94,8.74,37.24,95.0,23.6,20.21,45.32,-45.83333333333334,36.21000000000001
157.21,0.42,-3.79,8.96,37.24,95.0,23.6,20.44,44.62,-52.76000000000001,43.86000000000001
157.25,0.42,-4.12,9.39,37.24,95.0,23.6,19.62,45.32,-56.42666666666668,46.27333333333333
157.29,0.11,-3.98,9.93,37.24,95.0,23.6,20.44,44.62,-59.68333333333334,51.106666666666676
157.33,0.49,-4.37,9.49,37.24,95.0,23.6,20.44,44.28,-61.31333333333334,49.49666666666667
157.37,0.44,-3.64,9.64,37.24,95.0,23.6,19.62,46.04,-59.27666666666667,51.51
157.41,0.62,-3.01,9.01,37.24,95.0,23.6,19.86,45.68,-54.796666666666674,49.09333333333334
157.45,0.57,-2.95,8.58,37.24,95.0,23.6,19.51,44.62,-45.42666666666668,49.49666666666667
157.49,0.3,-3.53,8.78,37.24,95.0,23.6,18.09,46.41,-33.613333333333344,48.29
157.53,0.19,-3.34,8.81,37.24,95.0,23.6,19.86,45.32,-21.800000000000008,46.27666666666667
157.57,0.27,-2.06,8.88,37.24,95.0,23.6,20.32,46.04,-11.613333333333339,45.470000000000006
157.61,0.73,-1.45,8.93,37.24,95.0,23.6,19.51,45.68,-1.8366666666666742,43.45666666666667
157.65,0.61,-0.79,8.88,37.24,95.0,23.6,20.21,44.28,7.9399999999999915,41.84666666666667
157.69,0.39,-1.38,8.89,37.24,95.0,23.6,19.74,45.68,18.123333333333324,37.42000000000001
157.73,0.05,-1.55,9.45,37.24,95.0,23.6,19.86,46.04,25.45666666666666,29.770000000000007
157.77,0.06,-1.27,9.05,37.24,95.0,23.6,20.09,46.04,31.56666666666666,23.32666666666667
157.81,0.15,-0.31,9.02,37.24,95.0,23.6,19.97,46.41,38.9,15.273333333333339
157.85,0.37,0.59,9.17,37.24,95.0,23.6,19.97,44.62,44.603333333333325,9.636666666666672
157.89,0.72,1.03,9.01,37.24,95.0,23.6,19.39,44.97,48.68,0.37666666666667165
157.93,0.55,0.65,9.04,37.24,95.0,23.6,19.74,45.68,50.309999999999995,-7.273333333333329
157.97,0.23,0.16,9.15,37.24,95.0,23.6,20.9,44.28,49.90333333333333,-16.129999999999995
158.01,0.28,0.24,9.39,37.24,95.0,23.6,20.09,44.62,51.529999999999994,-23.376666666666665
158.05,0.5,1.41,9.31,37.24,95.0,23.6,20.44,44.62,49.49333333333333,-30.219999999999995
158.09,0.27,3.18,9.36,37.24,95.0,23.6,19.74,44.28,49.49333333333333,-37.46666666666666
158.13,0.31,3.25,9.29,37.24,95.0,23.6,20.56,44.62,48.27333333333333,-43.50333333333333
158.17,0.3,2.83,9.45,37.24,95.0,23.6,20.21,47.54,47.456666666666656,-49.94666666666666
158.21,0.2,1.4,9.55,37.24,95.0,23.6,21.02,46.04,46.23333333333333,-53.56999999999999
158.25,0.17,1.61,9.41,37.24,95.0,23.6,20.67,45.68,42.97333333333332,-54.376666666666665
158.29,0.47,2.83,9.84,37.24,95.0,23.6,20.44,44.28,37.676666666666655,-54.376666666666665
158.33,0.48,3.77,8.98,37.24,95.0,23.6,19.86,45.32,31.97333333333333,-53.169999999999995
158.37,0.57,2.05,9.14,37.24,95.0,23.6,20.21,45.68,25.863333333333326,-49.54666666666666
158.41,0.93,1.57,8.26,37.24,95.0,23.6,19.62,45.32,19.753333333333327,-42.699999999999996
158.45,-0.12,-0.24,8.5,37.24,95.0,23.6,19.86,46.04,12.419999999999993,-34.64666666666666
158.49,0.34,0.34,9.37,37.24,95.0,23.6,19.62,46.04,5.493333333333326,-25.789999999999996
158.53,-0.2,0.48,8.88,37.24,95.0,23.6,19.74,45.68,1.0133333333333263,-15.726666666666661
158.57,-0.33,0.22,8.67,37.24,95.0,23.6,20.44,44.28,-5.910000000000007,-6.063333333333328
158.61,-0.16,-1.25,8.68,37.24,95.0,23.6,19.97,44.97,-14.463333333333338,3.196666666666671
158.65,0.36,-2.19,8.94,37.24,95.0,23.6,20.44,44.28,-24.650000000000006,11.250000000000005
158.69,0.28,-2.86,9.36,37.24,95.0,23.6,19.86,45.32,-32.80000000000001,20.510000000000005
158.73,0.74,-3.21,9.48,37.24,95.0,23.6,19.86,45.68,-39.726666666666674,28.563333333333343
158.77,0.44,-2.61,8.67,37.24,95.0,23.6,19.97,42.96,-47.05666666666667,35.40666666666667
158.81,0.46,-3.02,9.44,37.24,95.0,23.6,19.74,46.04,-53.573333333333345,43.05333333333334
158.85,0.72,-3.24,8.52,37.24,95.0,23.6,19.51,45.32,-59.27666666666667,47.88333333333335
158.89,0.39,-4.32,9.32,37.24,95.0,23.6,20.44,44.28,-61.723333333333336,50.30000000000001
158.93,0.04,-4.14,9.05,37.24,95.0,23.6,19.62,44.97,-62.13,51.51
158.97,0.61,-3.81,9.28,37.24,95.0,23.6,20.67,45.32,-60.09333333333334,51.913333333333334
159.01,0.65,-2.94,8.82,37.24,95.0,23.6,20.44,44.62,-54.39000000000001,53.52333333333334
159.05,0.33,-2.55,8.61,37.24,95.0,23.6,19.86,45.68,-47.05666666666667,50.70333333333334
159.09,0.35,-3.51,9.11,37.24,95.0,23.6,20.67,44.62,-37.28000000000001,49.093333333333334
159.13,0.17,-3.31,9.09,37.24,95.0,23.6,19.86,46.04,-27.093333333333344,46.27666666666667
159.17,0.1,-2.54,8.77,37.24,95.0,23.6,20.79,46.04,-14.87333333333334,44.26333333333334
159.21,0.18,-1.44,8.88,37.24,95.0,23.6,19.39,45.68,-2.650000000000007,42.65333333333334
159.25,0.5,-0.88,8.81,37.24,95.0,23.6,20.21,44.28,6.3099999999999925,40.23666666666667
159.29,0.2,-1.33,9.25,37.24,95.0,23.6,20.56,47.15,16.08666666666666,35.81000000000001
159.33,0.16,-1.23,8.88,37.24,95.0,23.6,20.32,46.04,23.00999999999999,30.57666666666667
159.37,0.11,-1.39,9.06,37.24,95.0,23.6,20.44,44.62,31.159999999999997,24.94000000000001
159.41,0.07,-0.69,9.11,37.24,95.0,23.6,19.97,44.28,35.23333333333333,18.496666666666677
159.45,0.36,0.41,9.0,37.24,95.0,23.6,19.86,46.04,40.93666666666666,10.040000000000008
159.49,0.66,1.06,9.31,37.24,95.0,23.6,19.74,46.04,44.19333333333333,2.79333333333334
159.53,0.34,0.86,9.39,37.24,95.0,23.6,19.74,45.32,47.45333333333332,-4.453333333333326
159.57,0.78,0.35,9.12,37.24,95.0,23.6,19.39,46.04,47.86333333333332,-11.29666666666666
159.61,0.79,0.53,9.6,37.24,95.0,23.6,19.62,47.92,48.27333333333333,-21.363333333333326
159.65,0.45,0.98,8.76,37.24,95.0,23.6,19.97,44.28,48.27333333333333,-29.816666666666663
159.69,0.27,2.48,9.31,37.24,95.0,23.6,20.9,44.28,47.456666666666656,-38.673333333333325
159.73,0.36,3.43,9.29,37.24,95.0,23.6,22.4,46.78,47.86333333333332,-43.90666666666666
159.77,0.25,3.37,9.38,37.24,95.0,23.6,19.86,46.04,44.603333333333325,-46.72666666666666
159.81,0.3,1.63,9.41,37.24,95.0,23.6,19.62,45.68,42.566666666666656,-48.336666666666666
159.85,0.14,1.7,8.94,37.24,95.0,23.6,19.97,44.62,39.71333333333333,-49.94666666666666
159.89,0.33,2.5,9.12,37.24,95.0,23.6,19.86,45.68,37.26999999999999,-52.35999999999999
159.93,0.3,2.98,9.31,37.24,95.0,23.6,19.97,46.04,31.973333333333326,-51.15333333333333
159.97,0.3,2.33,9.22,37.24,95.0,23.6,20.09,46.04,25.45666666666666,-49.54333333333333
160.01,0.63,2.43,8.36,37.24,95.0,23.6,20.21,43.28,20.56666666666666,-45.51999999999999
160.05,0.19,0.54,9.28,37.24,95.0,23.6,19.62,45.68,16.086666666666662,-39.883333333333326
160.09,-0.15,0.51,9.24,37.24,95.0,23.6,20.32,46.04,10.789999999999992,-31.829999999999995
160.13,0.03,1.01,8.9,37.24,95.0,23.6,19.86,45.68,3.049999999999993,-21.359999999999996
160.17,0.49,0.44,9.06,37.24,95.0,23.6,21.48,46.04,-3.876666666666674,-10.893333333333324
160.21,0.33,-1.3,9.04,37.24,95.0,23.6,20.44,45.68,-12.430000000000007,1.1833333333333407
160.25,0.08,-1.58,9.03,37.24,95.0,23.6,19.74,44.28,-21.390000000000004,12.456666666666672
160.29,0.39,-2.21,9.06,37.24,95.0,23.6,20.44,44.28,-30.76000000000001,20.91333333333334
160.33,0.58,-2.53,9.17,37.24,95.0,23.6,20.44,44.62,-37.686666666666675,29.370000000000005
160.37,0.3,-2.41,8.88,37.24,95.0,23.6,19.86,46.04,-45.02,35.40666666666667
160.41,0.77,-2.73,9.01,37.24,95.0,23.6,20.44,44.62,-49.5,42.25000000000001
160.45,0.18,-3.74,9.0,37.24,95.0,23.6,19.62,44.97,-56.01666666666667,47.080000000000005
160.49,0.57,-4.58,9.34,37.24,95.0,23.6,20.44,44.28,-59.27666666666667,49.900000000000006
160.53,0.22,-4.05,9.22,37.24,95.0,23.6,20.21,45.68,-62.94333333333335,51.913333333333334
160.57,-0.05,-3.56,9.27,37.24,95.0,23.6,20.32,46.04,-62.53666666666667,50.30333333333334
160.61,0.21,-3.46,9.21,37.24,95.0,23.6,19.86,46.04,-59.27666666666667,51.106666666666676
160.65,0.69,-3.34,9.06,37.24,95.0,23.6,19.39,45.32,-51.13000000000002,48.690000000000005
160.69,0.34,-2.77,8.42,37.24,95.0,23.6,20.56,44.62,-39.31666666666667,49.49333333333334
160.73,0.23,-3.33,9.09,37.24,95.0,23.6,20.9,44.28,-26.280000000000005,47.080000000000005
160.77,0.12,-2.59,9.04,37.24,95.0,23.6,20.21,44.28,-15.280000000000006,45.470000000000006
160.81,0.1,-1.76,8.89,37.24,95.0,23.6,19.51,46.04,-6.3166666666666735,42.25000000000001
160.85,0.23,-1.61,9.48,37.24,95.0,23.6,20.44,44.97,3.4599999999999933,41.04
160.89,0.59,-1.34,9.09,37.24,95.0,23.6,20.44,45.68,11.60666666666666,38.623333333333335
160.93,-0.02,-1.24,9.19,37.24,95.0,23.6,20.09,44.28,21.383333333333326,34.59666666666667
160.97,0.0,-1.28,9.06,37.24,95.0,23.6,19.74,44.28,27.08666666666666,28.960000000000008
161.01,0.23,-0.8,9.05,37.24,95.0,23.6,20.32,46.04,34.01333333333333,21.713333333333342
161.05,0.48,-0.03,9.13,37.24,95.0,23.6,17.97,46.04,38.49333333333333,14.870000000000006
161.09,0.69,0.37,9.17,37.24,95.0,23.6,20.9,44.97,42.97333333333332,6.820000000000007
161.13,0.41,0.8,9.51,37.24,95.0,23.6,19.62,45.32,46.23333333333333,-1.6333333333333264
161.17,0.17,0.78,9.34,37.24,95.0,23.6,20.44,44.28,49.086666666666666,-12.099999999999993
161.21,0.54,0.6,9.21,37.24,95.0,23.6,20.56,45.68,51.12333333333333,-19.749999999999993
161.25,0.12,1.26,9.16,37.24,95.0,23.6,19.86,46.04,50.30666666666665,-26.193333333333328
161.29,0.3,1.64,9.36,37.24,95.0,23.6,20.44,44.28,47.453333333333326,-32.636666666666656
161.33,0.27,3.35,9.19,37.24,95.0,23.6,20.21,44.28,45.00999999999999,-38.676666666666655
161.37,0.35,3.02,9.31,37.24,95.0,23.6,19.97,44.97,44.603333333333325,-45.11666666666665
161.41,0.27,2.52,9.0,37.24,95.0,23.6,20.79,45.32,43.79,-47.129999999999995
161.45,-0.02,1.62,9.2,37.24,95.0,23.6,19.97,44.62,43.78999999999999,-51.15666666666666
161.49,0.24,1.89,9.2,37.24,95.0,23.6,20.32,45.32,41.346666666666664,-52.36666666666667
161.53,0.24,3.11,9.22,37.24,95.0,23.6,19.51,46.04,36.456666666666656,-52.36666666666667
161.57,0.45,3.22,9.4,37.24,95.0,23.6,20.44,45.68,30.75333333333333,-49.54666666666666
161.61,-0.1,1.6,9.34,37.24,95.0,23.6,20.44,44.62,24.23333333333333,-43.91
161.65,-0.58,0.55,9.56,37.24,95.0,23.6,20.32,44.62,20.159999999999997,-37.87
161.69,0.07,0.58,9.1,37.24,95.0,23.6,19.97,45.68,11.60333333333333,-30.219999999999988
161.73,0.22,0.49,9.22,37.24,95.0,23.6,19.86,46.04,5.086666666666662,-22.973333333333326
161.77,0.54,0.11,9.38,37.24,95.0,23.6,20.21,45.68,-3.0600000000000045,-12.506666666666659
161.81,-0.08,-0.63,8.93,37.24,95.0,23.6,20.09,46.04,-9.98333333333334,-2.84666666666666
161.85,-0.19,-1.43,8.69,37.24,95.0,23.6,17.97,46.04,-19.35333333333334,8.830000000000007
161.89,-0.59,-2.16,8.79,37.24,95.0,23.6,20.32,46.04,-28.72333333333334,16.88333333333334
161.93,-0.81,-2.3,8.66,37.24,95.0,23.6,19.74,44.97,-37.68666666666667,26.54666666666667
161.97,-0.42,-1.84,8.06,37.24,95.0,23.6,20.44,44.62,-44.20333333333334,35.00333333333334
162.01,-0.1,-2.07,8.76,37.24,95.0,23.6,20.44,46.04,-49.906666666666666,40.23666666666667
162.05,0.29,-3.63,9.76,37.24,95.0,23.6,20.44,44.62,-54.38666666666666,46.27666666666667
162.09,-0.08,-3.74,8.71,37.24,95.0,23.6,20.32,46.04,-58.46,49.093333333333334
162.13,0.31,-4.22,9.59,37.24,95.0,23.6,19.86,44.97,-62.53333333333334,51.913333333333334
162.17,-0.11,-3.6,9.42,37.24,95.0,23.6,19.51,46.04,-61.720000000000006,51.913333333333334
162.21,0.12,-3.21,9.15,37.24,95.0,23.6,20.56,46.41,-56.42666666666668,50.70666666666667
162.25,0.21,-3.63,9.21,37.24,95.0,23.6,20.21,45.32,-49.09333333333334,50.70666666666667
162.29,0.37,-3.3,8.9,37.24,95.0,23.6,19.97,45.68,-38.50000000000001,49.09666666666667
162.33,0.29,-3.31,8.58,37.24,95.0,23.6,19.97,42.96,-28.72333333333334,48.693333333333335
162.37,0.21,-3.1,9.0,37.24,95.0,23.6,19.86,45.68,-17.316666666666674,46.27666666666667
162.41,0.11,-1.88,9.01,37.24,95.0,23.6,20.09,46.78,-7.540000000000005,42.65333333333334
162.45,0.32,-1.63,9.45,37.24,95.0,23.6,20.09,45.32,2.6466666666666625,38.223333333333336
162.49,0.37,-1.12,9.26,37.24,95.0,23.6,19.86,46.04,11.199999999999996,36.61333333333334
162.53,0.49,-1.2,9.1,37.24,95.0,23.6,19.97,44.97,18.12666666666666,33.793333333333344
162.57,0.41,-1.39,9.12,37.24,95.0,23.6,20.56,44.28,23.829999999999995,30.170000000000005
162.61,0.28,-1.05,9.01,37.24,95.0,23.6,20.21,44.97,31.163333333333327,22.923333333333336
162.65,0.39,-0.27,9.06,37.24,95.0,23.6,20.44,44.28,38.49333333333333,14.470000000000004
162.69,0.01,0.5,9.26,37.24,95.0,23.6,20.56,44.62,45.00999999999999,6.820000000000005
162.73,0.33,0.56,9.02,37.24,95.0,23.6,19.62,47.92,49.48999999999999,-2.4399999999999955
162.77,-0.42,0.96,9.21,37.24,95.0,23.6,20.44,44.62,50.71333333333333,-8.883333333333328
162.81,0.64,0.18,9.36,37.24,95.0,23.6,20.09,46.04,49.9,-17.739999999999995
162.85,0.45,0.98,8.6,37.24,95.0,23.6,19.74,44.62,50.71666666666666,-25.389999999999997
162.89,0.0,1.66,9.26,37.24,95.0,23.6,20.67,44.62,49.49333333333333,-32.23333333333333
162.93,0.16,3.34,9.18,37.24,95.0,23.6,19.51,45.32,47.456666666666656,-38.273333333333326
162.97,0.21,2.81,9.25,37.24,95.0,23.6,20.09,45.68,45.82666666666666,-42.703333333333326
163.01,0.2,2.78,9.33,37.24,95.0,23.6,24.1,44.97,45.82666666666666,-48.74333333333333
163.05,0.21,1.34,9.34,37.24,95.0,23.6,19.62,46.04,44.19666666666666,-51.156666666666666
163.09,0.35,1.96,9.24,37.24,95.0,23.6,19.86,46.04,38.49333333333333,-52.76666666666666
163.13,0.23,2.95,9.29,37.24,95.0,23.6,19.86,46.04,32.79,-53.166666666666664
163.17,0.48,3.34,8.93,37.24,95.0,23.6,19.62,46.04,27.49333333333333,-51.96
163.21,0.42,1.88,8.67,37.24,95.0,23.6,19.62,45.68,23.419999999999998,-47.529999999999994
163.25,0.81,1.68,8.67,37.24,95.0,23.6,20.32,45.32,19.346666666666664,-39.48
163.29,0.12,0.29,8.78,37.24,95.0,23.6,20.09,46.04,13.236666666666665,-31.829999999999995
163.33,-0.0,0.7,9.15,37.24,95.0,23.6,20.67,46.04,8.346666666666664,-22.97333333333333
163.37,-0.37,0.96,8.92,37.24,95.0,23.6,20.09,46.04,-1.0233333333333359,-13.71333333333333
163.41,-0.05,0.24,8.81,37.24,95.0,23.6,19.86,47.92,-7.5433333333333366,-2.4399999999999955
163.45,-0.4,-1.15,8.69,37.24,95.0,23.6,20.09,46.04,-17.72666666666667,7.626666666666672
163.49,-0.33,-1.61,8.57,37.24,95.0,23.6,20.79,46.41,-25.873333333333335,16.88666666666667
163.53,0.4,-2.48,8.72,37.24,95.0,23.6,19.97,44.62,-32.796666666666674,23.730000000000004
163.57,0.84,-2.2,8.44,37.24,95.0,23.6,20.21,45.68,-39.31666666666667,30.976666666666674
163.61,0.81,-4.0,9.88,37.24,95.0,23.6,19.39,46.04,-46.24333333333334,37.01666666666667
163.65,0.41,-3.67,8.85,37.24,95.0,23.6,19.39,46.04,-54.39000000000001,43.860000000000014
163.69,0.3,-3.67,9.55,37.24,95.0,23.6,19.86,46.04,-60.5,47.080000000000005
163.73,0.53,-4.14,9.45,37.24,95.0,23.6,20.56,45.32,-61.31333333333333,50.70333333333334
163.77,0.41,-3.64,9.4,37.24,95.0,23.6,19.86,46.04,-62.53666666666667,51.51
163.81,0.18,-3.29,9.41,37.24,95.0,23.6,20.79,45.68,-57.24000000000001,52.31333333333334
163.85,0.36,-3.27,8.91,37.24,95.0,23.6,19.74,44.97,-53.166666666666664,51.50666666666667
163.89,0.41,-2.98,8.85,37.24,95.0,23.6,20.44,44.28,-42.576666666666675,49.09
163.93,0.32,-3.27,8.67,37.24,95.0,23.6,19.97,42.96,-33.20666666666667,47.080000000000005
163.97,0.37,-3.17,9.03,37.24,95.0,23.6,19.62,46.04,-21.80000000000001,44.26333333333334
164.01,0.01,-2.18,9.02,37.24,95.0,23.6,19.62,46.04,-12.430000000000009,43.863333333333344
164.05,0.05,-1.17,8.91,37.24,95.0,23.6,20.09,46.04,-3.876666666666676,41.043333333333344
164.09,0.65,-1.46,9.48,37.24,95.0,23.6,20.44,45.32,5.899999999999991,39.03000000000001
164.13,0.35,-1.29,9.03,37.24,95.0,23.6,20.09,45.32,15.679999999999987,32.58666666666667
164.17,0.08,-1.35,9.2,37.24,95.0,23.6,20.09,46.04,24.643333333333327,28.15666666666667
164.21,0.11,-0.98,9.16,37.24,95.0,23.6,20.32,45.68,31.569999999999993,22.923333333333336
164.25,0.12,-0.32,8.98,37.24,95.0,23.6,23.65,45.68,37.67999999999999,17.690000000000005
164.29,0.27,0.5,9.09,37.24,95.0,23.6,20.67,43.94,42.15999999999999,10.043333333333338
164.33,0.44,0.65,9.1,37.24,95.0,23.6,20.09,44.62,47.45666666666665,1.9900000000000049
164.37,0.21,0.71,8.87,37.24,95.0,23.6,20.09,46.04,49.49333333333332,-6.4666666666666615
164.41,0.31,0.68,8.88,37.24,95.0,23.6,21.02,44.62,52.34666666666666,-13.71333333333333
164.45,0.49,0.59,9.82,37.24,95.0,23.6,20.44,44.62,51.12333333333333,-21.36333333333333
164.49,0.55,1.13,9.19,37.24,95.0,23.6,19.62,46.04,49.899999999999984,-27.399999999999995
164.53,0.11,2.53,9.67,37.24,95.0,23.6,20.09,46.04,46.23333333333332,-34.65
164.57,0.45,3.16,9.22,37.24,95.0,23.6,19.39,45.68,44.19666666666666,-40.68666666666667
164.61,0.37,2.97,9.59,37.24,95.0,23.6,20.09,46.04,42.566666666666656,-45.919999999999995
164.65,0.22,1.86,9.23,37.24,95.0,23.6,20.21,44.28,40.93666666666666,-47.93
164.69,0.17,2.03,9.22,37.24,95.0,23.6,20.44,44.62,39.30666666666665,-49.94333333333333
164.73,0.2,2.61,9.34,37.24,95.0,23.6,20.44,44.28,36.04999999999999,-51.956666666666656
164.77,0.46,3.48,9.34,37.24,95.0,23.6,20.21,46.04,31.97666666666666,-51.15333333333333
164.81,0.36,2.31,9.02,37.24,95.0,23.6,21.13,45.68,24.643333333333327,-50.35
164.85,0.16,1.69,8.9,37.24,95.0,23.6,20.67,44.28,18.52999999999999,-44.31333333333333
164.89,-0.25,0.74,9.35,37.24,95.0,23.6,20.67,44.62,12.013333333333323,-37.06666666666666
164.93,0.12,0.45,9.07,37.24,95.0,23.6,19.86,46.04,5.496666666666656,-27.403333333333325
164.97,-0.29,0.57,8.85,37.24,95.0,23.6,20.32,45.68,1.016666666666657,-17.739999999999995
165.01,-0.07,0.45,8.66,37.24,95.0,23.6,20.09,44.62,-5.0966666666666764,-7.273333333333329
165.05,-0.13,-1.14,8.9,37.24,95.0,23.6,20.44,44.62,-12.430000000000009,4.806666666666672
165.09,0.65,-1.91,9.14,37.24,95.0,23.6,20.56,44.62,-21.393333333333345,16.080000000000005
165.13,0.72,-2.98,9.42,37.24,95.0,23.6,19.39,45.68,-31.170000000000005,25.343333333333337
165.17,0.92,-2.88,9.28,37.24,95.0,23.6,19.39,46.04,-36.87333333333334,32.59
165.21,0.6,-2.8,8.6,37.24,95.0,23.6,20.21,44.97,-45.42666666666668,37.82333333333334
165.25,0.08,-2.45,8.98,37.24,95.0,23.6,19.39,46.04,-52.350000000000016,43.45666666666667
165.29,0.97,-3.77,9.56,37.24,95.0,23.6,19.86,45.68,-59.68333333333334,47.080000000000005
165.33,0.18,-3.8,8.69,37.24,95.0,23.6,20.44,46.04,-62.53666666666668,49.900000000000006
165.37,0.28,-4.1,9.53,37.24,95.0,23.6,19.86,46.04,-64.16666666666667,49.900000000000006
165.41,0.76,-4.03,9.65,37.24,95.0,23.6,20.09,46.04,-61.723333333333336,49.09333333333334
165.45,0.64,-2.85,8.94,37.24,95.0,23.6,19.62,46.04,-55.61000000000001,49.09333333333334
165.49,0.39,-2.41,8.85,37.24,95.0,23.6,20.44,44.28,-46.65000000000001,48.29
165.53,0.29,-3.59,9.37,37.24,95.0,23.6,19.97,44.62,-34.83333333333334,47.48666666666667
165.57,0.35,-3.44,9.02,37.24,95.0,23.6,20.09,46.41,-24.243333333333343,44.666666666666664
165.61,0.23,-2.58,8.81,37.24,95.0,23.6,20.21,45.68,-11.206666666666676,41.84666666666667
165.65,0.34,-1.57,8.87,37.24,95.0,23.6,20.09,45.32,-0.6166666666666766,40.63666666666666
165.69,0.48,-0.99,9.13,37.24,95.0,23.6,19.86,46.04,7.939999999999991,39.02666666666667
165.73,-0.06,-1.11,9.44,37.24,95.0,23.6,20.21,44.28,14.866666666666658,36.61333333333334
165.77,0.19,-1.32,9.03,37.24,95.0,23.6,20.32,46.04,20.56999999999999,31.380000000000006
165.81,0.05,-1.36,9.11,37.24,95.0,23.6,20.44,44.28,28.716666666666658,24.13333333333334
165.85,0.08,-0.65,9.0,37.24,95.0,23.6,19.62,46.04,34.82666666666666,17.690000000000005
165.89,0.35,0.29,9.06,37.24,95.0,23.6,20.44,44.28,40.529999999999994,9.636666666666672
165.93,0.34,0.89,8.94,37.24,95.0,23.6,19.74,45.68,45.826666666666654,3.596666666666671
165.97,0.74,1.1,9.38,37.24,95.0,23.6,19.62,45.68,49.49333333333332,-3.6499999999999955
166.01,0.95,0.12,9.46,37.24,95.0,23.6,19.74,44.28,50.71666666666666,-9.686666666666662
166.05,0.28,0.12,9.59,37.24,95.0,23.6,20.09,46.04,48.679999999999986,-18.139999999999997
166.09,-0.17,0.93,9.58,37.24,95.0,23.6,20.44,44.28,49.08666666666665,-28.20333333333333
166.13,0.19,2.1,9.18,37.24,95.0,23.6,19.39,44.97,49.08666666666665,-36.25666666666667
166.17,0.21,3.52,9.17,37.24,95.0,23.6,19.86,45.32,49.899999999999984,-42.29666666666666
166.21,0.34,3.37,9.34,37.24,95.0,23.6,19.97,44.62,49.49333333333332,-47.129999999999995
166.25,-0.02,2.4,9.25,37.24,95.0,23.6,19.86,45.32,48.26999999999998,-52.36333333333332
166.29,0.18,1.41,9.16,37.24,95.0,23.6,20.44,44.28,42.97333333333332,-54.78
166.33,0.12,2.07,9.3,37.24,95.0,23.6,20.21,44.28,36.04666666666665,-54.779999999999994
166.37,0.16,3.3,9.03,37.24,95.0,23.6,20.56,44.62,29.936666666666657,-51.56
166.41,0.25,2.84,9.05,37.24,95.0,23.6,19.74,45.68,27.08666666666666,-48.336666666666666
166.45,0.2,2.46,8.18,37.24,95.0,23.6,20.44,44.62,23.01333333333332,-42.69999999999999
166.49,0.2,1.06,8.6,37.24,95.0,23.6,19.62,46.04,16.903333333333325,-35.85666666666666
166.53,0.47,-0.08,9.15,37.24,95.0,23.6,19.74,45.68,9.56999999999999,-26.596666666666664
166.57,0.25,0.6,8.87,37.24,95.0,23.6,20.09,45.32,4.273333333333324,-18.139999999999997
166.61,0.59,-0.13,9.31,37.24,95.0,23.6,19.86,46.04,-3.4666666666666757,-9.279999999999996
166.65,0.16,-1.5,8.98,37.24,95.0,23.6,19.86,46.04,-12.023333333333342,-1.2299999999999953
166.69,0.22,-1.66,8.83,37.24,95.0,23.6,20.21,45.68,-21.80000000000001,10.040000000000004
166.73,0.24,-2.39,9.22,37.24,95.0,23.6,19.86,44.97,-29.950000000000006,18.49333333333334
166.77,0.15,-1.27,8.64,37.24,95.0,23.6,21.02,44.62,-37.690000000000005,28.560000000000006
166.81,-0.32,-1.98,8.46,37.24,95.0,23.6,20.09,46.04,-46.65000000000001,33.796666666666674
166.85,0.7,-2.98,8.97,37.24,95.0,23.6,19.97,46.04,-52.76000000000001,40.64000000000001
166.89,0.49,-3.95,9.02,37.24,95.0,23.6,20.21,45.68,-56.01666666666668,44.666666666666664
166.93,0.48,-4.41,8.72,37.24,95.0,23.6,19.86,46.04,-59.68333333333334,49.09333333333334
166.97,0.21,-3.84,8.86,37.24,95.0,23.6,20.09,45.68,-59.68333333333334,51.51
167.01,0.12,-3.38,9.04,37.24,95.0,23.6,20.9,44.62,-60.90666666666667,52.71666666666667
167.05,0.34,-2.75,8.95,37.24,95.0,23.6,19.62,45.68,-54.796666666666674,53.12
167.09,0.59,-3.67,9.54,37.24,95.0,23.6,19.62,46.04,-49.906666666666666,52.31333333333333
167.13,0.48,-3.79,9.43,37.24,95.0,23.6,19.62,45.68,-40.13,51.910000000000004
167.17,0.12,-3.15,9.11,37.24,95.0,23.6,20.09,44.62,-29.540000000000003,49.89666666666667
167.21,0.15,-2.98,9.35,37.24,95.0,23.6,21.13,44.28,-18.540000000000006,46.67666666666668
167.25,0.29,-1.83,8.91,37.24,95.0,23.6,20.44,44.28,-7.133333333333339,41.84666666666667
167.29,0.35,-1.13,9.57,37.24,95.0,23.6,20.56,44.62,2.6466666666666616,39.43
167.33,-0.02,-0.55,8.65,37.24,95.0,23.6,20.44,44.28,13.236666666666663,35.403333333333336
167.37,0.12,-0.92,8.85,37.24,95.0,23.6,19.86,45.68,20.16333333333333,31.37666666666667
167.41,-0.09,-1.22,8.81,37.24,95.0,23.6,20.67,44.28,27.49333333333333,23.730000000000004
167.45,0.16,-0.91,8.94,37.24,95.0,23.6,19.39,46.04,34.01333333333333,19.303333333333338
167.49,0.38,0.07,9.2,37.24,95.0,23.6,20.32,46.04,39.71666666666666,11.653333333333336
167.53,0.49,0.75,9.08,37.24,95.0,23.6,20.09,44.97,44.60666666666666,5.210000000000004
167.57,0.39,1.0,9.06,37.24,95.0,23.6,20.32,45.32,48.27,-4.453333333333329
167.61,0.29,0.65,8.76,37.24,95.0,23.6,19.97,45.32,49.48999999999999,-11.296666666666662
167.65,-0.01,0.36,9.73,37.24,95.0,23.6,19.39,45.68,49.08333333333332,-18.139999999999997
167.69,0.31,1.23,8.65,37.24,95.0,23.6,19.86,45.68,47.456666666666656,-24.58333333333333
167.73,0.28,1.64,9.42,37.24,95.0,23.6,19.97,44.28,48.27333333333333,-33.03999999999999
167.77,0.21,3.39,9.32,37.24,95.0,23.6,19.86,46.04,46.643333333333324,-39.88666666666666
167.81,0.22,3.05,9.2,37.24,95.0,23.6,19.62,45.68,45.419999999999995,-44.71666666666666
167.85,0.31,2.41,9.19,37.24,95.0,23.6,20.56,44.62,43.79,-47.53333333333333
167.89,0.0,1.69,8.99,37.24,95.0,23.6,19.86,45.68,41.346666666666664,-51.556666666666665
167.93,0.06,2.18,9.27,37.24,95.0,23.6,19.86,46.04,36.45666666666666,-53.166666666666664
167.97,0.17,3.17,9.19,37.24,95.0,23.6,21.02,44.62,31.159999999999997,-51.556666666666665
168.01,0.5,3.14,9.31,37.24,95.0,23.6,20.9,44.62,25.86333333333333,-47.53333333333333
168.05,0.28,1.47,9.43,37.24,95.0,23.6,19.62,46.04,20.97666666666666,-44.71666666666666
168.09,-0.33,0.95,8.77,37.24,95.0,23.6,20.79,46.04,15.679999999999998,-41.49666666666666
168.13,0.08,-0.05,9.13,37.24,95.0,23.6,19.51,44.97,10.383333333333328,-35.45666666666666
168.17,0.37,0.86,8.93,37.24,95.0,23.6,20.32,45.68,4.273333333333329,-26.999999999999996
168.21,0.57,0.23,9.28,37.24,95.0,23.6,20.09,44.97,-3.0566666666666715,-16.129999999999995
168.25,0.01,-0.75,8.93,37.24,95.0,23.6,20.09,44.62,-9.98333333333334,-4.453333333333329
168.29,0.17,-1.47,8.97,37.24,95.0,23.6,20.09,46.04,-18.540000000000006,6.820000000000005
168.33,-0.22,-1.98,8.56,37.24,95.0,23.6,20.44,44.97,-28.320000000000004,17.290000000000006
168.37,-0.27,-2.45,8.62,37.24,95.0,23.6,20.44,44.62,-37.28,26.550000000000008
168.41,0.28,-2.66,9.56,37.24,95.0,23.6,19.97,44.28,-43.796666666666674,33.796666666666674
168.45,-0.07,-3.59,9.28,37.24,95.0,23.6,19.62,44.97,-49.09,41.043333333333344
168.49,0.11,-3.98,8.41,37.24,95.0,23.6,20.67,44.62,-56.01666666666667,46.27666666666667
168.53,-0.09,-3.6,8.14,37.24,95.0,23.6,20.09,44.62,-60.50000000000001,52.716666666666676
168.57,0.14,-3.35,9.15,37.24,95.0,23.6,20.21,45.68,-63.76,55.936666666666675
168.61,0.14,-3.63,9.21,37.24,95.0,23.6,19.74,44.97,-62.943333333333335,55.936666666666675
168.65,0.0,-2.85,9.17,37.24,95.0,23.6,19.86,45.32,-59.68333333333334,53.52333333333334
168.69,0.34,-2.45,8.38,37.24,95.0,23.6,21.36,44.28,-51.129999999999995,49.09666666666667
168.73,0.39,-2.97,8.58,37.24,95.0,23.6,19.86,46.04,-42.169999999999995,47.08333333333334
168.77,0.11,-3.78,9.26,37.24,95.0,23.6,20.67,44.62,-33.20666666666667,47.08333333333334
168.81,0.16,-2.95,8.81,37.24,95.0,23.6,19.74,44.97,-23.426666666666666,46.68000000000001
168.85,0.35,-1.57,8.93,37.24,95.0,23.6,20.44,45.32,-10.39,44.26333333333334
168.89,0.53,-1.34,9.03,37.24,95.0,23.6,20.56,44.97,1.4233333333333331,39.83333333333334
168.93,0.62,-0.97,9.02,37.24,95.0,23.6,20.44,46.41,12.829999999999998,35.403333333333336
168.97,0.07,-1.21,8.9,37.24,95.0,23.6,19.62,45.32,20.16333333333333,30.57333333333334
169.01,0.02,-1.47,8.97,37.24,95.0,23.6,19.39,46.04,27.496666666666666,26.14333333333334
169.05,0.35,-1.12,9.02,37.24,95.0,23.6,19.62,44.97,32.79,22.52000000000001
169.09,0.24,-0.32,9.17,37.24,95.0,23.6,20.32,46.04,37.68,17.69000000000001
169.13,0.47,0.69,9.21,37.24,95.0,23.6,20.56,46.04,42.160000000000004,10.04333333333334
169.17,0.43,0.72,9.16,37.24,95.0,23.6,19.39,46.04,44.60666666666666,1.5900000000000072
169.21,0.16,0.62,9.35,37.24,95.0,23.6,19.86,45.68,47.050000000000004,-7.669999999999992
169.25,0.48,0.13,9.25,37.24,95.0,23.6,19.74,43.28,49.49333333333334,-16.929999999999993
169.29,0.85,0.52,9.13,37.24,95.0,23.6,20.56,46.04,50.306666666666665,-25.789999999999992
169.33,0.39,1.33,9.4,37.24,95.0,23.6,20.44,44.28,50.30666666666667,-34.24666666666666
169.37,0.28,3.43,9.31,37.24,95.0,23.6,20.44,44.62,48.68,-38.27333333333332
169.41,0.25,2.91,9.46,37.24,95.0,23.6,20.32,45.68,47.04999999999999,-44.71333333333333
169.45,0.16,2.74,9.33,37.24,95.0,23.6,19.86,44.97,45.01333333333333,-47.529999999999994
169.49,0.1,1.24,9.58,37.24,95.0,23.6,19.86,45.68,42.16,-52.76333333333332
169.53,0.31,1.64,9.5,37.24,95.0,23.6,19.39,46.04,38.49333333333333,-53.56999999999999
169.57,0.52,2.73,9.27,37.24,95.0,23.6,19.97,45.68,33.196666666666665,-52.76666666666666
169.61,0.55,3.52,9.52,37.24,95.0,23.6,19.62,45.32,29.53,-49.14333333333334
169.65,0.2,1.25,9.66,37.24,95.0,23.6,19.97,44.28,24.643333333333334,-46.32333333333332
169.69,0.33,0.75,9.01,37.24,95.0,23.6,20.21,44.97,18.94,-42.69999999999999
169.73,-0.31,0.68,8.69,37.24,95.0,23.6,19.62,45.68,11.606666666666667,-35.856666666666655
169.77,-0.48,0.82,8.94,37.24,95.0,23.6,18.68,44.97,4.273333333333333,-26.193333333333328
169.81,-0.18,0.65,8.83,37.24,95.0,23.6,20.21,45.68,-2.2433333333333336,-14.919999999999993
169.85,-0.33,-0.1,8.7,37.24,95.0,23.6,19.39,45.32,-8.353333333333333,-6.466666666666659
169.89,-0.62,-1.45,8.47,37.24,95.0,23.6,20.09,46.04,-16.5,3.1933333333333405
169.93,-0.44,-1.66,8.57,37.24,95.0,23.6,19.74,45.68,-23.02,12.45333333333334
169.97,0.63,-2.55,9.17,37.24,95.0,23.6,20.09,46.04,-33.203333333333326,21.71333333333334
170.01,0.78,-2.23,8.88,37.24,95.0,23.6,20.44,45.32,-41.35333333333333,31.376666666666676
170.05,0.96,-3.58,9.35,37.24,95.0,23.6,19.39,45.68,-49.906666666666666,39.02666666666668
170.09,0.84,-3.2,8.41,37.24,95.0,23.6,20.44,44.28,-55.20333333333334,44.26333333333334
170.13,0.77,-3.0,8.67,37.24,95.0,23.6,21.02,44.62,-58.870000000000005,48.69333333333335
170.17,0.64,-3.13,8.46,37.24,95.0,23.6,20.09,46.04,-62.946666666666665,50.70666666666667
170.21,0.65,-3.58,9.05,37.24,95.0,23.6,20.9,45.68,-62.54,53.120000000000005
170.25,0.12,-3.17,9.24,37.24,95.0,23.6,20.09,44.97,-60.50333333333333,52.71666666666667
170.29,0.39,-2.88,9.24,37.24,95.0,23.6,20.09,44.62,-51.54,51.106666666666676
170.33,0.42,-3.29,9.24,37.24,95.0,23.6,20.09,44.97,-42.98333333333333,50.70333333333334
170.37,0.15,-4.1,9.57,37.24,95.0,23.6,19.62,46.04,-33.61333333333334,48.690000000000005
170.41,0.3,-3.37,9.11,37.24,95.0,23.6,19.62,45.32,-24.650000000000002,48.690000000000005
170.45,0.38,-2.2,8.94,37.24,95.0,23.6,19.51,45.68,-14.466666666666667,47.080000000000005
170.49,0.43,-1.8,9.24,37.24,95.0,23.6,20.44,45.32,-0.6133333333333333,44.26333333333334
170.53,0.39,-0.51,8.72,37.24,95.0,23.6,20.44,44.62,10.793333333333335,40.64000000000001
170.57,-0.03,-0.79,8.89,37.24,95.0,23.6,20.56,44.28,19.756666666666668,36.213333333333345
170.61,-0.0,-1.26,8.85,37.24,95.0,23.6,20.44,44.97,25.459999999999997,31.380000000000006
170.65,-0.03,-1.04,8.89,37.24,95.0,23.6,20.21,45.68,31.163333333333338,25.340000000000007
170.69,0.08,-0.46,8.94,37.24,95.0,23.6,20.44,43.94,36.05,18.49333333333334
170.73,0.05,0.49,9.35,37.24,95.0,23.6,20.44,44.62,41.343333333333334,12.053333333333342
170.77,0.42,0.91,9.04,37.24,95.0,23.6,20.21,44.28,44.19333333333333,4.806666666666674
170.81,0.43,0.85,9.09,37.24,95.0,23.6,20.44,44.62,47.85999999999999,-2.439999999999993
170.85,0.76,0.27,8.8,37.24,95.0,23.6,19.97,44.28,48.67666666666667,-12.909999999999991
170.89,0.5,0.81,8.74,37.24,95.0,23.6,20.79,44.62,49.9,-22.573333333333327
170.93,0.18,1.26,9.31,37.24,95.0,23.6,20.21,45.32,48.27,-31.429999999999993
170.97,0.43,3.12,9.08,37.24,95.0,23.6,20.21,45.32,47.04666666666666,-37.066666666666656
171.01,0.15,3.3,9.42,37.24,95.0,23.6,20.21,44.28,44.60333333333333,-42.29999999999999
171.05,0.24,2.83,9.55,37.24,95.0,23.6,20.44,44.28,42.97666666666667,-47.93666666666666
171.09,0.23,1.91,8.98,37.24,95.0,23.6,20.09,46.04,40.53333333333334,-50.349999999999994
171.13,0.25,2.16,9.04,37.24,95.0,23.6,21.25,46.04,37.68,-52.76666666666666
171.17,0.4,2.72,9.18,37.24,95.0,23.6,21.59,43.28,35.64,-51.95999999999999
171.21,0.23,3.88,9.42,37.24,95.0,23.6,19.86,45.68,31.159999999999997,-51.95999999999999
171.25,0.53,1.39,9.98,37.24,95.0,23.6,19.62,46.04,26.27333333333333,-47.93333333333333
171.29,-0.01,1.4,9.64,37.24,95.0,23.6,20.56,44.62,19.756666666666664,-42.69999999999999
171.33,-0.25,1.14,8.34,37.24,95.0,23.6,20.56,46.04,14.053333333333335,-37.063333333333325
171.37,0.07,0.82,9.08,37.24,95.0,23.6,20.32,46.04,7.126666666666666,-29.413333333333323
171.41,0.02,0.98,9.13,37.24,95.0,23.6,20.67,44.97,1.4233333333333331,-21.763333333333325
171.45,-0.01,0.33,8.81,37.24,95.0,23.6,19.97,44.28,-4.69,-11.296666666666658
171.49,0.24,-1.33,8.97,37.24,95.0,23.6,19.62,44.97,-11.616666666666667,0.38000000000000966
171.53,-0.03,-1.8,9.04,37.24,95.0,23.6,19.97,44.28,-22.209999999999997,11.250000000000009
171.57,0.74,-1.89,8.96,37.24,95.0,23.6,20.32,44.28,-32.800000000000004,21.71666666666668
171.61,0.71,-2.69,9.91,37.24,95.0,23.6,20.21,45.32,-41.76,28.560000000000013
171.65,0.24,-2.53,8.47,37.24,95.0,23.6,20.44,44.97,-49.09,37.41666666666668
171.69,0.32,-2.92,9.1,37.24,95.0,23.6,19.74,45.32,-55.61000000000001,43.860000000000014
171.73,0.71,-4.09,9.34,37.24,95.0,23.6,20.44,44.28,-60.5,47.88666666666668
171.77,0.27,-4.62,9.43,37.24,95.0,23.6,19.62,46.04,-64.57666666666667,49.90000000000001
171.81,0.47,-4.51,9.52,37.24,95.0,23.6,20.44,44.28,-64.98333333333333,50.70333333333334
171.85,0.36,-3.25,9.14,37.24,95.0,23.6,19.86,46.04,-63.76,52.716666666666676
171.89,0.57,-2.76,8.95,37.24,95.0,23.6,20.32,45.32,-56.01666666666667,51.106666666666676
171.93,0.31,-2.94,8.85,37.24,95.0,23.6,21.02,46.04,-45.42333333333334,51.106666666666676
171.97,0.25,-3.64,9.46,37.24,95.0,23.6,20.09,46.04,-34.833333333333336,48.690000000000005
172.01,0.33,-3.18,8.99,37.24,95.0,23.6,19.62,45.32,-25.46666666666667,49.49333333333335
172.05,0.32,-2.7,9.08,37.24,95.0,23.6,19.86,46.04,-16.506666666666664,46.67666666666668
172.09,0.36,-1.75,9.37,37.24,95.0,23.6,19.62,45.32,-5.1000000000000005,45.470000000000006
172.13,0.22,-0.86,8.83,37.24,95.0,23.6,20.21,44.97,5.493333333333333,41.043333333333344
172.17,0.35,-1.08,9.11,37.24,95.0,23.6,19.39,45.32,15.273333333333332,36.213333333333345
172.21,0.33,-1.09,9.04,37.24,95.0,23.6,19.97,44.62,25.05,29.77000000000001
172.25,0.31,-1.15,9.08,37.24,95.0,23.6,19.62,46.04,31.159999999999997,24.536666666666676
172.29,0.32,-0.68,9.18,37.24,95.0,23.6,20.67,46.41,36.86333333333334,20.51000000000001
172.33,0.39,0.16,8.91,37.24,95.0,23.6,20.21,44.28,38.903333333333336,14.873333333333342
172.37,0.51,0.58,9.07,37.24,95.0,23.6,19.62,46.04,42.57,6.416666666666676
172.41,-0.02,0.84,9.24,37.24,95.0,23.6,20.44,46.04,45.82666666666666,-3.64999999999999
172.45,0.37,0.53,9.08,37.24,95.0,23.6,19.86,46.04,48.27,-12.90999999999999
172.49,0.25,1.04,8.96,37.24,95.0,23.6,20.44,44.28,50.306666666666665,-22.169999999999987
172.53,0.28,1.35,9.23,37.24,95.0,23.6,20.21,44.97,49.086666666666666,-28.609999999999996
172.57,0.65,2.11,8.87,37.24,95.0,23.6,20.21,44.28,48.68,-34.24666666666666
172.61,0.33,3.11,9.3,37.24,95.0,23.6,20.09,44.62,48.68,-39.076666666666654
172.65,0.25,3.3,9.02,37.24,95.0,23.6,20.44,44.28,47.45666666666667,-45.51999999999999
172.69,0.41,2.09,8.96,37.24,95.0,23.6,20.9,46.04,47.04666666666666,-50.34999999999999
172.73,0.34,1.72,8.99,37.24,95.0,23.6,20.21,44.97,41.75,-53.169999999999995
172.77,0.4,2.61,9.2,37.24,95.0,23.6,19.74,44.28,36.86,-52.36333333333332
172.81,0.46,2.97,9.25,37.24,95.0,23.6,19.62,46.04,30.75,-51.95999999999999
172.85,0.26,2.75,8.77,37.24,95.0,23.6,20.09,46.04,25.046666666666667,-49.54333333333333
172.89,0.02,2.12,8.93,37.24,95.0,23.6,20.32,46.04,20.566666666666666,-46.32333333333332
172.93,-0.53,0.19,9.14,37.24,95.0,23.6,19.86,46.04,13.643333333333333,-39.48
172.97,0.46,-0.47,9.4,37.24,95.0,23.6,19.97,46.04,7.94,-30.219999999999988
173.01,-0.13,0.5,9.33,37.24,95.0,23.6,20.32,46.78,0.19999999999999987,-19.753333333333323
173.05,0.38,0.49,8.83,37.24,95.0,23.6,19.74,45.68,-6.32,-8.883333333333324
173.09,0.23,-1.19,8.91,37.24,95.0,23.6,20.44,44.28,-12.836666666666668,-0.8299999999999906
173.13,0.21,-1.65,8.85,37.24,95.0,23.6,21.02,44.28,-20.983333333333334,8.03000000000001
173.17,-0.53,-2.23,9.12,37.24,95.0,23.6,20.79,46.04,-29.129999999999995,15.276666666666676
173.21,-0.2,-3.26,9.05,37.24,95.0,23.6,20.09,46.04,-38.906666666666666,25.74333333333334
173.25,0.08,-3.18,9.53,37.24,95.0,23.6,19.62,46.04,-46.24,35.40333333333334
173.29,-0.32,-3.55,9.21,37.24,95.0,23.6,20.44,44.97,-54.38666666666666,43.45666666666668
173.33,-0.25,-3.47,8.4,37.24,95.0,23.6,20.9,44.28,-59.276666666666664,47.080000000000005
173.37,-0.05,-4.13,9.09,37.24,95.0,23.6,20.44,44.62,-61.72,49.49666666666667
173.41,0.18,-3.76,8.82,37.24,95.0,23.6,20.09,46.04,-63.35,50.70333333333334
173.45,0.15,-3.49,9.71,37.24,95.0,23.6,19.86,45.32,-61.31333333333333,51.106666666666676
173.49,0.56,-3.43,9.16,37.24,95.0,23.6,20.21,45.68,-57.65,51.51000000000001
173.53,0.41,-2.83,8.79,37.24,95.0,23.6,19.74,44.28,-48.69,50.70666666666668
173.57,0.33,-2.98,8.46,37.24,95.0,23.6,19.86,46.04,-40.53999999999999,51.110000000000014
173.61,0.33,-3.47,9.06,37.24,95.0,23.6,20.32,45.32,-28.316666666666663,47.08333333333334
173.65,0.23,-2.68,8.97,37.24,95.0,23.6,19.86,45.32,-16.909999999999997,43.86000000000001
173.69,-0.13,-1.6,9.17,37.24,95.0,23.6,19.86,42.96,-3.466666666666662,41.84666666666667
173.73,0.43,-1.04,8.54,37.24,95.0,23.6,19.86,45.68,5.496666666666672,38.62666666666667
173.77,0.17,-0.94,9.47,37.24,95.0,23.6,19.62,46.04,13.646666666666674,37.01666666666668
173.81,0.38,-1.61,9.16,37.24,95.0,23.6,20.21,44.97,19.75666666666667,30.976666666666677
173.85,0.18,-1.21,9.1,37.24,95.0,23.6,21.71,44.97,28.310000000000002,27.353333333333342
173.89,0.33,-0.83,9.18,37.24,95.0,23.6,20.21,44.97,34.42000000000001,20.51000000000001
173.93,0.49,0.07,9.31,37.24,95.0,23.6,17.49,46.04,38.900000000000006,14.873333333333342
173.97,0.68,0.38,9.07,37.24,95.0,23.6,20.79,44.62,40.53,7.223333333333343
174.01,0.28,0.76,9.11,37.24,95.0,23.6,20.44,44.28,45.01,-2.0366666666666577
174.05,0.23,0.53,8.59,37.24,95.0,23.6,19.62,46.04,47.86333333333334,-9.686666666666659
174.09,-0.02,0.78,8.64,37.24,95.0,23.6,19.74,44.28,50.30666666666667,-16.52999999999999
174.13,0.17,1.08,9.34,37.24,95.0,23.6,19.97,44.28,51.53,-24.983333333333324
174.17,0.16,2.01,9.19,37.24,95.0,23.6,20.21,44.97,51.53,-34.243333333333325
174.21,0.25,3.25,9.25,37.24,95.0,23.6,19.86,46.04,49.49333333333334,-42.69999999999999
174.25,0.16,2.94,9.41,37.24,95.0,23.6,19.74,46.04,45.42000000000001,-45.923333333333325
174.29,0.06,2.2,9.27,37.24,95.0,23.6,20.44,46.04,43.79,-47.93666666666666
174.33,0.03,1.53,9.4,37.24,95.0,23.6,19.97,46.41,41.75333333333334,-51.15666666666666
174.37,0.15,1.94,9.31,37.24,95.0,23.6,19.39,46.41,39.716666666666676,-51.96
174.41,0.38,2.84,9.61,37.24,95.0,23.6,18.68,46.04,34.42000000000001,-53.97333333333333
174.45,0.47,3.18,9.35,37.24,95.0,23.6,19.74,45.68,29.94,-49.94666666666666
174.49,0.25,1.56,9.42,37.24,95.0,23.6,20.44,44.28,22.606666666666673,-47.93333333333333
174.53,-0.02,1.01,8.81,37.24,95.0,23.6,20.21,44.28,15.683333333333339,-40.68666666666666
174.57,0.06,1.33,8.91,37.24,95.0,23.6,20.44,44.28,7.5333333333333385,-35.04999999999999
174.61,0.29,0.8,9.06,37.24,95.0,23.6,20.9,44.62,0.6066666666666712,-24.583333333333325
174.65,0.79,0.4,9.18,37.24,95.0,23.6,19.62,45.32,-5.9133333333333296,-15.723333333333324
174.69,0.52,-0.34,9.05,37.24,95.0,23.6,20.79,46.04,-12.023333333333332,-5.65999999999999
174.73,0.67,-1.53,9.06,37.24,95.0,23.6,20.9,44.62,-19.763333333333332,4.406666666666676
174.77,1.06,-2.44,9.35,37.24,95.0,23.6,20.21,44.62,-28.316666666666663,16.08000000000001
174.81,0.88,-2.24,9.19,37.24,95.0,23.6,20.56,44.97,-37.27666666666667,26.55000000000001
174.85,0.73,-2.57,9.25,37.24,95.0,23.6,20.09,45.32,-44.20333333333334,34.19666666666668
174.89,1.02,-3.36,8.86,37.24,95.0,23.6,19.86,46.04,-50.31666666666666,39.833333333333336
174.93,0.33,-3.94,9.46,37.24,95.0,23.6,19.51,46.04,-56.836666666666666,45.06666666666667
174.97,0.42,-3.83,9.12,37.24,95.0,23.6,19.97,43.94,-60.91,50.30333333333334
175.01,0.38,-3.82,9.59,37.24,95.0,23.6,20.21,45.32,-62.53666666666666,51.51333333333334
175.05,0.31,-2.99,9.07,37.24,95.0,23.6,20.09,46.04,-62.129999999999995,51.91333333333335
175.09,0.21,-3.45,9.09,37.24,95.0,23.6,19.86,45.32,-58.46333333333333,48.69000000000002
175.13,0.45,-3.64,9.63,37.24,95.0,23.6,20.09,44.62,-51.54,49.49333333333334
175.17,0.37,-3.51,9.03,37.24,95.0,23.6,20.21,45.32,-41.35333333333333,47.88333333333333
175.21,0.19,-2.93,8.67,37.24,95.0,23.6,20.44,44.62,-29.946666666666662,49.09333333333334
175.25,0.22,-3.11,9.02,37.24,95.0,23.6,19.86,46.04,-19.35333333333333,45.470000000000006
175.29,0.24,-2.13,9.21,37.24,95.0,23.6,20.32,44.62,-6.726666666666664,44.66666666666668
175.33,0.55,-1.32,8.83,37.24,95.0,23.6,19.62,46.04,2.2366666666666695,39.83333333333334
175.37,0.56,-1.44,9.26,37.24,95.0,23.6,19.39,46.04,11.19666666666667,38.62666666666667
175.41,0.11,-1.33,8.87,37.24,95.0,23.6,19.62,44.97,18.53,35.40666666666667
175.45,0.22,-1.54,9.06,37.24,95.0,23.6,20.09,46.04,27.083333333333332,29.770000000000007
175.49,0.37,-0.97,9.19,37.24,95.0,23.6,20.09,46.04,34.01,22.120000000000008
175.53,0.22,-0.3,9.16,37.24,95.0,23.6,20.32,45.68,38.083333333333336,12.456666666666676
175.57,0.34,0.55,9.15,37.24,95.0,23.6,19.97,44.62,43.379999999999995,7.626666666666676
175.61,0.89,0.71,8.92,37.24,95.0,23.6,21.02,44.28,45.416666666666664,0.38000000000000966
175.65,0.37,0.51,9.23,37.24,95.0,23.6,20.44,45.68,49.083333333333336,-4.853333333333324
175.69,0.26,0.1,9.1,37.24,95.0,23.6,20.67,45.68,49.9,-13.306666666666658
175.73,0.16,0.79,9.36,37.24,95.0,23.6,19.86,44.97,51.123333333333335,-21.35999999999999
175.77,0.22,1.83,9.07,37.24,95.0,23.6,19.97,44.28,51.53,-31.829999999999988
175.81,0.2,3.13,9.46,37.24,95.0,23.6,20.21,44.62,49.900000000000006,-38.676666666666655
175.85,0.28,2.93,9.39,37.24,95.0,23.6,20.09,45.32,50.30666666666667,-44.313333333333325
175.89,0.28,2.7,9.46,37.24,95.0,23.6,20.67,46.04,48.68,-49.143333333333324
175.93,0.38,1.46,9.35,37.24,95.0,23.6,20.56,42.96,46.23666666666667,-53.56999999999999
175.97,0.2,1.91,9.41,37.24,95.0,23.6,20.09,46.04,40.126666666666665,-54.37333333333333
176.01,0.38,2.73,9.51,37.24,95.0,23.6,19.86,45.68,34.42333333333334,-53.56999999999999
176.05,0.01,3.82,9.16,37.24,95.0,23.6,20.21,43.28,29.94,-50.75333333333332
176.09,0.1,1.8,9.02,37.24,95.0,23.6,19.97,44.28,25.05,-49.94999999999999
176.13,1.21,0.82,9.12,37.24,95.0,23.6,19.39,46.41,19.346666666666668,-44.313333333333325
176.17,-0.32,0.42,9.1,37.24,95.0,23.6,19.62,45.68,12.013333333333335,-37.46999999999999
176.21,0.37,0.83,9.51,37.24,95.0,23.6,20.44,44.28,5.49666666666667,-29.01333333333332
176.25,0.41,0.65,9.1,37.24,95.0,23.6,20.21,45.68,-0.2066666666666642,-19.34999999999999
176.29,0.56,-0.2,9.2,37.24,95.0,23.6,20.44,44.28,-8.35333333333333,-8.87999999999999
176.33,0.41,-1.31,8.97,37.24,95.0,23.6,20.21,45.32,-15.686666666666662,2.393333333333343
176.37,0.31,-2.07,8.86,37.24,95.0,23.6,19.97,44.28,-26.279999999999998,14.07000000000001
176.41,0.09,-3.02,9.48,37.24,95.0,23.6,20.09,46.04,-34.833333333333336,22.926666666666677
176.45,-0.32,-1.92,8.39,37.24,95.0,23.6,20.09,44.62,-41.76,32.58666666666668
176.49,0.35,-2.93,9.34,37.24,95.0,23.6,20.21,44.97,-49.093333333333334,37.820000000000014
176.53,-0.14,-3.6,9.54,37.24,95.0,23.6,20.44,44.62,-55.20666666666667,44.663333333333334
176.57,0.54,-3.99,8.78,37.24,95.0,23.6,20.21,44.97,-62.54,49.09333333333334
176.61,0.55,-5.07,9.76,37.24,95.0,23.6,20.9,44.28,-64.57666666666667,51.106666666666676
176.65,0.2,-3.69,8.96,37.24,95.0,23.6,19.74,44.97,-66.20666666666666,51.913333333333334
176.69,0.3,-2.89,8.99,37.24,95.0,23.6,20.56,46.04,-62.129999999999995,49.900000000000006
176.73,0.37,-3.21,9.32,37.24,95.0,23.6,20.09,44.62,-55.61000000000001,51.106666666666676
176.77,0.47,-3.34,9.06,37.24,95.0,23.6,20.09,45.32,-43.38666666666666,48.28666666666667
176.81,0.4,-3.07,8.54,37.24,95.0,23.6,20.32,46.04,-32.39,49.09333333333334
176.85,0.23,-3.27,9.0,37.24,95.0,23.6,19.62,45.68,-20.576666666666668,47.88666666666668
176.89,0.25,-2.48,8.87,37.24,95.0,23.6,20.21,44.28,-9.986666666666666,46.68000000000001
176.93,0.24,-1.23,9.22,37.24,95.0,23.6,19.86,46.04,0.19999999999999987,42.65333333333334
176.97,0.74,-1.12,8.78,37.24,95.0,23.6,19.74,45.32,10.790000000000001,36.613333333333344
177.01,0.23,-1.64,9.43,37.24,95.0,23.6,20.09,46.41,20.16,31.38000000000001
177.05,0.08,-1.43,9.03,37.24,95.0,23.6,20.9,44.97,27.083333333333332,27.353333333333342
177.09,0.1,-1.26,9.07,37.24,95.0,23.6,20.44,44.28,31.566666666666666,22.120000000000008
177.13,0.1,-0.5,9.11,37.24,95.0,23.6,20.67,44.62,34.419999999999995,17.28666666666668
177.17,0.17,0.62,8.93,37.24,95.0,23.6,19.86,46.04,39.309999999999995,11.246666666666677
177.21,0.2,1.24,8.95,37.24,95.0,23.6,20.67,44.62,41.75333333333333,5.206666666666677
177.25,0.8,0.52,8.84,37.24,95.0,23.6,20.21,45.68,46.23333333333333,-2.0399999999999903
177.29,0.01,0.75,8.98,37.24,95.0,23.6,19.97,44.28,49.49333333333333,-12.909999999999991
177.33,0.25,0.58,9.66,37.24,95.0,23.6,20.67,44.62,51.123333333333335,-22.16999999999999
177.37,-0.05,1.48,8.98,37.24,95.0,23.6,19.97,44.62,52.75333333333333,-31.829999999999995
177.41,0.47,2.41,9.01,37.24,95.0,23.6,20.09,46.04,49.9,-38.26999999999999
177.45,0.28,3.55,9.36,37.24,95.0,23.6,19.86,45.68,49.083333333333336,-45.11333333333332
177.49,0.39,3.44,9.15,37.24,95.0,23.6,19.62,46.04,45.01,-49.94666666666666
177.53,0.21,1.53,9.22,37.24,95.0,23.6,19.39,45.68,43.79,-51.55666666666665
177.57,0.05,1.84,9.04,37.24,95.0,23.6,19.74,44.97,40.53333333333334,-52.76333333333332
177.61,-0.02,2.38,9.34,37.24,95.0,23.6,19.86,45.32,37.68,-52.76333333333332
177.65,0.24,3.29,9.15,37.24,95.0,23.6,19.74,45.32,31.566666666666666,-53.16666666666666
177.69,0.42,2.53,8.87,37.24,95.0,23.6,19.39,45.32,26.676666666666666,-51.55666666666665
177.73,0.21,1.64,9.07,37.24,95.0,23.6,20.44,44.28,18.123333333333335,-47.126666666666665
177.77,0.17,0.55,8.43,37.24,95.0,23.6,19.62,46.04,12.42,-39.47666666666666
177.81,-0.14,0.48,9.11,37.24,95.0,23.6,19.86,46.04,4.273333333333333,-29.413333333333327
177.85,-0.22,0.79,8.49,37.24,95.0,23.6,19.62,45.68,-1.8366666666666667,-18.543333333333322
177.89,0.17,-0.05,9.06,37.24,95.0,23.6,19.74,44.97,-9.576666666666666,-8.883333333333324
177.93,-0.07,-1.18,8.96,37.24,95.0,23.6,20.09,45.32,-14.873333333333335,1.9866666666666764
177.97,0.4,-2.24,8.9,37.24,95.0,23.6,19.39,46.04,-20.576666666666664,11.650000000000011
178.01,0.1,-2.03,9.05,37.24,95.0,23.6,20.44,44.62,-27.909999999999997,22.52333333333334
178.05,0.77,-3.03,9.29,37.24,95.0,23.6,19.62,46.04,-38.093333333333334,32.186666666666675
178.09,0.2,-3.5,8.9,37.24,95.0,23.6,20.44,44.62,-47.46333333333333,40.64000000000001
178.13,0.78,-4.0,9.53,37.24,95.0,23.6,20.67,45.32,-54.79333333333333,45.87333333333334
178.17,0.08,-3.33,8.78,37.24,95.0,23.6,19.62,46.04,-58.866666666666674,48.69333333333335
178.21,-0.04,-4.33,8.99,37.24,95.0,23.6,19.62,47.92,-62.126666666666665,49.90000000000001
178.25,0.12,-4.0,9.31,37.24,95.0,23.6,19.74,45.68,-61.31333333333333,50.30000000000001
178.29,0.11,-3.11,8.9,37.24,95.0,23.6,21.25,44.28,-61.72333333333333,50.30000000000001
178.33,0.39,-3.32,9.3,37.24,95.0,23.6,20.44,46.41,-55.61333333333334,49.49666666666668
178.37,0.37,-3.22,9.24,37.24,95.0,23.6,19.62,46.04,-49.096666666666664,49.900000000000006
178.41,0.28,-3.24,8.61,37.24,95.0,23.6,20.56,44.28,-36.06,50.30000000000001
178.45,0.04,-3.24,9.04,37.24,95.0,23.6,19.86,47.92,-26.28333333333333,50.70333333333335
178.49,0.13,-2.72,9.0,37.24,95.0,23.6,20.56,44.62,-13.246666666666668,49.09333333333334
178.53,0.25,-1.54,9.25,37.24,95.0,23.6,19.86,46.04,-3.47,46.68000000000001
178.57,0.32,-0.98,8.93,37.24,95.0,23.6,20.21,44.62,8.346666666666668,43.05666666666668
178.61,0.53,-1.18,8.87,37.24,95.0,23.6,19.86,45.68,16.903333333333336,36.61666666666668
178.65,0.3,-1.33,9.0,37.24,95.0,23.6,20.09,44.62,25.866666666666664,32.18666666666668
178.69,0.23,-1.43,9.1,37.24,95.0,23.6,19.39,45.68,30.346666666666664,26.950000000000014
178.73,0.07,-0.6,8.92,37.24,95.0,23.6,20.79,44.62,34.01333333333333,22.116666666666678
178.77,0.43,0.34,9.09,37.24,95.0,23.6,20.32,45.32,39.309999999999995,13.260000000000012
178.81,0.82,1.02,9.27,37.24,95.0,23.6,20.44,42.96,45.01333333333333,3.1966666666666783
178.85,0.31,0.94,9.09,37.24,95.0,23.6,20.44,44.28,49.49333333333333,-5.659999999999989
178.89,0.79,0.35,8.57,37.24,95.0,23.6,20.21,45.32,49.086666666666666,-14.919999999999987
178.93,0.27,0.37,9.28,37.24,95.0,23.6,19.86,45.32,50.31,-21.76333333333332
178.97,0.48,1.26,9.09,37.24,95.0,23.6,20.79,47.15,51.53333333333333,-30.619999999999987
179.01,0.39,1.96,9.46,37.24,95.0,23.6,19.86,45.32,51.94,-37.86666666666665
179.05,0.4,3.49,9.54,37.24,95.0,23.6,19.97,44.62,48.68,-43.10333333333332
179.09,0.25,3.08,9.25,37.24,95.0,23.6,20.21,42.96,47.04999999999999,-47.12999999999999
179.13,0.22,1.86,9.2,37.24,95.0,23.6,19.86,46.04,43.383333333333326,-48.33666666666665
179.17,0.07,1.71,9.1,37.24,95.0,23.6,22.4,44.28,40.529999999999994,-51.95999999999999
179.21,0.12,2.42,9.28,37.24,95.0,23.6,19.86,45.32,36.04666666666666,-53.56999999999999
179.25,0.38,3.11,9.24,37.24,95.0,23.6,20.67,44.62,31.97333333333333,-54.779999999999994
179.29,-0.03,3.37,8.68,37.24,95.0,23.6,17.01,46.04,26.679999999999996,-51.55666666666665
179.33,-0.14,2.64,9.15,37.24,95.0,23.6,20.44,44.62,20.569999999999997,-45.51666666666666
179.37,-0.04,1.62,9.58,37.24,95.0,23.6,19.86,46.04,14.459999999999999,-37.46333333333332
179.41,0.93,0.33,9.13,37.24,95.0,23.6,20.09,46.04,7.939999999999997,-30.61999999999999
179.45,0.44,0.72,9.3,37.24,95.0,23.6,20.09,46.04,0.1999999999999975,-22.56999999999999
179.49,0.34,0.35,9.1,37.24,95.0,23.6,19.62,46.04,-7.1333333333333355,-13.309999999999986
179.53,0.43,-1.58,9.05,37.24,95.0,23.6,20.21,44.28,-13.650000000000004,-0.8299999999999882
179.57,0.53,-2.09,9.05,37.24,95.0,23.6,20.21,44.97,-20.573333333333338,10.846666666666678
179.61,0.11,-2.57,9.15,37.24,95.0,23.6,20.32,45.68,-28.72333333333334,20.10666666666668
179.65,0.43,-2.09,8.87,37.24,95.0,23.6,19.62,44.62,-35.65,26.14666666666668
179.69,0.26,-1.66,8.45,37.24,95.0,23.6,20.44,45.68,-44.61333333333334,34.20000000000002
179.73,0.93,-2.39,8.44,37.24,95.0,23.6,20.9,44.28,-51.943333333333335,41.04333333333335
179.77,0.35,-4.81,9.99,37.24,95.0,23.6,21.13,44.28,-59.68333333333334,46.27666666666668
179.81,0.51,-4.64,9.02,37.24,95.0,23.6,20.44,44.62,-62.126666666666665,50.30000000000001
179.85,0.04,-3.21,8.89,37.24,95.0,23.6,19.15,45.32,-63.35,53.52000000000002
179.89,0.35,-3.2,8.88,37.24,95.0,23.6,19.97,44.97,-62.943333333333335,55.936666666666675
179.93,0.09,-2.55,8.91,37.24,95.0,23.6,20.09,45.32,-58.05666666666667,53.12000000000001
179.97,0.31,-2.79,8.73,37.24,95.0,23.6,20.9,44.28,-49.50333333333333,49.49666666666668
180.01,0.3,-3.94,9.27,37.24,95.0,23.6,20.09,46.04,-38.50333333333334,47.08000000000001
180.05,0.16,-3.47,9.26,37.24,95.0,23.6,20.9,46.04,-26.689999999999998,46.27333333333335
180.09,0.12,-2.5,8.85,37.24,95.0,23.6,19.51,44.97,-15.283333333333333,45.470000000000006
180.13,0.28,-1.54,8.97,37.24,95.0,23.6,19.62,45.68,-3.876666666666667,44.26333333333335
180.17,0.64,-1.08,8.73,37.24,95.0,23.6,19.74,45.68,4.273333333333333,41.850000000000016
180.21,0.31,-1.27,9.17,37.24,95.0,23.6,20.44,44.28,13.643333333333336,37.420000000000016
180.25,0.37,-1.53,8.99,37.24,95.0,23.6,19.86,46.04,21.383333333333336,31.78333333333335
180.29,0.01,-1.32,9.1,37.24,95.0,23.6,20.32,44.97,27.493333333333336,25.74333333333335
180.33,0.09,-0.77,9.05,37.24,95.0,23.6,20.79,44.28,34.419999999999995,19.703333333333347
180.37,0.16,0.08,9.08,37.24,95.0,23.6,20.44,44.97,38.49333333333333,14.470000000000015
180.41,0.17,0.73,8.79,37.24,95.0,23.6,20.21,44.62,42.16,6.416666666666681
180.45,0.09,0.74,9.13,37.24,95.0,23.6,20.09,45.32,45.01,-0.8299999999999859
180.49,-0.05,0.45,9.15,37.24,95.0,23.6,19.62,46.04,47.45666666666667,-10.49333333333332
180.53,0.04,0.25,9.28,37.24,95.0,23.6,19.62,45.32,50.30666666666667,-16.93333333333332
180.57,0.12,0.88,9.25,37.24,95.0,23.6,19.74,44.28,49.086666666666666,-24.583333333333318
180.61,0.14,1.95,9.29,37.24,95.0,23.6,20.09,46.04,49.9,-32.63666666666665
180.65,0.16,3.43,9.53,37.24,95.0,23.6,19.62,46.04,47.86333333333334,-39.88333333333332
180.69,0.24,2.84,9.47,37.24,95.0,23.6,19.86,45.68,46.63999999999999,-45.91999999999999
180.73,0.11,2.3,8.91,37.24,95.0,23.6,20.21,44.28,43.79,-48.73666666666665
180.77,0.1,1.71,9.21,37.24,95.0,23.6,19.51,44.97,40.940000000000005,-51.55666666666665
180.81,0.13,2.13,9.03,37.24,95.0,23.6,20.44,44.28,38.09,-53.569999999999986
180.85,0.37,3.33,9.18,37.24,95.0,23.6,20.44,44.62,34.42333333333334,-53.16666666666665
180.89,0.55,3.4,9.67,37.24,95.0,23.6,20.09,45.32,29.53333333333333,-51.95666666666665
180.93,0.12,1.94,9.05,37.24,95.0,23.6,20.32,46.04,22.606666666666666,-48.73666666666665
180.97,0.37,0.4,8.55,37.24,95.0,23.6,20.32,44.28,14.866666666666667,-44.71333333333332
181.01,0.36,1.21,9.06,37.24,95.0,23.6,20.44,46.41,10.386666666666667,-37.86999999999998
181.05,0.74,0.27,9.51,37.24,95.0,23.6,20.67,45.68,5.496666666666667,-26.193333333333324
181.09,0.77,0.59,9.2,37.24,95.0,23.6,20.09,46.41,-1.0233333333333328,-14.919999999999986
181.13,0.45,-0.83,9.26,37.24,95.0,23.6,20.21,44.28,-9.986666666666666,-1.6333333333333193
181.17,0.63,-1.82,9.25,37.24,95.0,23.6,19.74,45.68,-18.540000000000003,9.23666666666668
181.21,0.52,-2.31,9.24,37.24,95.0,23.6,19.62,46.04,-26.28,20.510000000000016
181.25,0.85,-2.18,8.81,37.24,95.0,23.6,20.44,44.62,-33.61333333333334,28.96333333333335
181.29,1.15,-2.8,9.27,37.24,95.0,23.6,19.62,45.68,-41.76,36.61333333333335
181.33,1.21,-3.94,9.62,37.24,95.0,23.6,20.44,44.62,-47.870000000000005,42.65333333333334
181.37,0.99,-3.38,8.5,37.24,95.0,23.6,19.62,46.04,-54.79333333333333,46.27666666666668
181.41,0.22,-4.21,9.59,37.24,95.0,23.6,20.56,44.62,-58.866666666666674,49.90000000000001
181.45,0.63,-4.42,9.53,37.24,95.0,23.6,20.9,44.28,-63.35,51.10666666666668
181.49,0.2,-3.86,10.0,37.24,95.0,23.6,20.44,44.62,-62.943333333333335,53.120000000000005
181.53,0.37,-3.44,9.4,37.24,95.0,23.6,19.97,44.97,-60.093333333333334,51.51000000000001
181.57,0.44,-3.27,9.17,37.24,95.0,23.6,20.44,44.28,-52.35,49.096666666666685
181.61,0.34,-2.94,8.83,37.24,95.0,23.6,20.44,44.62,-40.943333333333335,47.08333333333335
181.65,0.15,-3.22,8.75,37.24,95.0,23.6,20.21,44.28,-29.13,47.48333333333335
181.69,0.27,-3.03,8.77,37.24,95.0,23.6,19.62,45.32,-16.503333333333334,48.69000000000002
181.73,0.27,-2.24,8.81,37.24,95.0,23.6,19.62,44.62,-7.133333333333333,47.08000000000001
181.77,-0.07,-0.78,9.11,37.24,95.0,23.6,19.62,44.97,3.4600000000000004,44.26333333333335
181.81,0.27,-1.24,9.18,37.24,95.0,23.6,20.9,44.62,12.016666666666667,40.640000000000015
181.85,0.45,-1.24,8.95,37.24,95.0,23.6,19.62,44.97,19.756666666666668,36.210000000000015
181.89,0.16,-1.44,9.1,37.24,95.0,23.6,19.39,46.04,25.05333333333333,30.573333333333352
181.93,0.18,-1.21,9.07,37.24,95.0,23.6,19.62,46.04,29.53333333333333,23.326666666666682
181.97,0.13,-0.29,9.0,37.24,95.0,23.6,19.97,44.28,34.830000000000005,14.873333333333347
182.01,0.33,0.48,9.12,37.24,95.0,23.6,20.09,46.04,38.086666666666666,6.420000000000015
182.05,0.12,1.03,9.26,37.24,95.0,23.6,20.67,45.32,44.196666666666665,-1.6333333333333193
182.09,0.42,0.66,9.16,37.24,95.0,23.6,20.67,44.62,45.82333333333333,-7.673333333333319
182.13,-0.01,0.49,9.35,37.24,95.0,23.6,20.44,44.28,50.306666666666665,-16.93333333333332
182.17,0.04,1.09,8.58,37.24,95.0,23.6,20.79,44.62,49.9,-23.776666666666653
182.21,0.38,1.34,9.35,37.24,95.0,23.6,19.86,45.68,52.346666666666664,-32.22999999999999
182.25,0.31,3.28,9.14,37.24,95.0,23.6,19.74,44.28,51.123333333333335,-36.65999999999999
182.29,0.22,3.14,9.22,37.24,95.0,23.6,20.09,46.04,49.49333333333333,-43.50333333333332
182.33,0.21,2.79,9.35,37.24,95.0,23.6,20.44,44.28,45.01,-46.72333333333332
182.37,0.23,1.58,9.36,37.24,95.0,23.6,20.21,45.32,42.16,-51.95666666666665
182.41,0.16,1.8,9.22,37.24,95.0,23.6,20.32,46.41,37.68,-53.16666666666665
182.45,0.19,2.75,9.51,37.24,95.0,23.6,20.21,44.28,33.199999999999996,-53.56999999999999
182.49,0.46,3.45,9.39,37.24,95.0,23.6,19.86,46.04,26.27333333333333,-51.153333333333315
182.53,0.14,2.01,8.46,37.24,95.0,23.6,20.9,44.28,20.976666666666667,-49.139999999999986
182.57,0.49,0.48,8.43,37.24,95.0,23.6,20.21,44.28,15.273333333333333,-43.90666666666666
182.61,0.05,0.47,8.85,37.24,95.0,23.6,22.05,45.68,9.57,-37.063333333333325
182.65,0.43,0.81,9.1,37.24,95.0,23.6,19.97,44.28,5.09,-28.20666666666665
182.69,0.27,1.15,8.78,37.24,95.0,23.6,19.74,45.68,0.20000000000000018,-17.739999999999984
182.73,-0.15,-0.15,8.81,37.24,95.0,23.6,20.44,45.32,-4.69,-6.466666666666652
182.77,0.07,-1.54,8.91,37.24,95.0,23.6,19.86,46.04,-14.060000000000002,5.210000000000014
182.81,-0.14,-1.63,8.56,37.24,95.0,23.6,19.86,45.68,-23.02,13.66666666666668
182.85,0.71,-2.11,8.93,37.24,95.0,23.6,18.56,45.68,-34.01666666666667,22.92666666666668
182.89,0.61,-2.37,8.89,37.24,95.0,23.6,20.09,45.32,-41.35,30.576666666666682
182.93,0.64,-2.27,9.31,37.24,95.0,23.6,20.09,44.62,-47.46333333333333,39.030000000000015
182.97,0.6,-3.71,9.3,37.24,95.0,23.6,19.86,44.97,-53.576666666666675,43.860000000000014
183.01,0.41,-3.52,8.42,37.24,95.0,23.6,20.09,46.04,-58.46666666666667,49.49666666666668
183.05,0.36,-3.53,9.01,37.24,95.0,23.6,19.62,45.32,-64.17,52.316666666666684
183.09,0.1,-3.76,8.96,37.24,95.0,23.6,20.32,46.41,-65.39,53.12333333333334
183.13,0.3,-3.09,9.14,37.24,95.0,23.6,20.56,46.04,-62.943333333333335,50.70666666666668
183.17,0.43,-3.34,9.72,37.24,95.0,23.6,19.62,46.04,-56.42333333333334,48.29000000000002
183.21,0.42,-3.56,9.69,37.24,95.0,23.6,20.21,44.28,-45.833333333333336,49.09333333333334
183.25,0.05,-3.37,9.05,37.24,95.0,23.6,20.67,44.62,-35.24333333333333,49.49666666666668
183.29,0.24,-3.23,9.33,37.24,95.0,23.6,20.44,44.62,-22.613333333333333,49.90000000000001
183.33,0.3,-2.35,9.28,37.24,95.0,23.6,20.44,44.62,-8.76,47.08333333333335
183.37,0.13,-1.44,9.31,37.24,95.0,23.6,19.39,45.68,2.646666666666666,45.070000000000014
183.41,0.56,-1.5,9.72,37.24,95.0,23.6,20.44,44.28,12.829999999999998,39.43333333333335
183.45,0.02,-0.95,9.08,37.24,95.0,23.6,20.32,46.04,18.123333333333335,34.600000000000016
183.49,0.01,-0.97,9.01,37.24,95.0,23.6,20.21,46.04,23.826666666666668,29.770000000000014
183.53,0.32,-1.16,8.89,37.24,95.0,23.6,19.74,44.62,28.30666666666666,25.74333333333335
183.57,0.43,-0.51,9.22,37.24,95.0,23.6,20.44,44.28,33.60333333333333,18.093333333333348
183.61,0.26,0.33,9.16,37.24,95.0,23.6,20.09,44.62,40.123333333333335,10.443333333333348
183.65,0.26,0.66,8.97,37.24,95.0,23.6,19.86,46.04,43.383333333333326,1.5866666666666809
183.69,0.47,0.61,8.8,37.24,95.0,23.6,20.56,45.68,48.68,-6.059999999999985
183.73,0.41,0.57,9.11,37.24,95.0,23.6,20.21,45.32,51.123333333333335,-16.12666666666665
183.77,0.2,0.58,10.04,37.24,95.0,23.6,19.86,46.41,53.56666666666666,-24.179999999999982
183.81,0.02,1.46,9.16,37.24,95.0,23.6,20.56,46.04,53.16,-31.829999999999988
183.85,0.38,2.74,9.35,37.24,95.0,23.6,19.86,44.97,50.306666666666665,-37.86999999999998
183.89,0.18,3.03,9.32,37.24,95.0,23.6,20.67,45.32,50.71333333333333,-43.50666666666666
183.93,0.34,2.89,9.2,37.24,95.0,23.6,20.44,44.62,48.26666666666667,-46.326666666666654
183.97,0.06,2.15,9.02,37.24,95.0,23.6,20.79,46.04,46.23,-50.34999999999999
184.01,0.15,2.06,9.05,37.24,95.0,23.6,20.21,44.97,39.71333333333333,-51.55666666666665
184.05,0.2,2.86,9.5,37.24,95.0,23.6,20.44,44.28,34.01,-53.569999999999986
184.09,0.36,3.4,9.03,37.24,95.0,23.6,20.44,44.62,29.936666666666664,-51.15666666666666
184.13,0.54,1.64,9.62,37.24,95.0,23.6,19.62,44.97,24.639999999999997,-49.54666666666665
184.17,0.23,1.28,9.48,37.24,95.0,23.6,20.21,44.28,18.529999999999998,-43.50666666666666
184.21,-0.17,1.46,9.34,37.24,95.0,23.6,20.9,44.62,12.01333333333333,-37.466666666666654
184.25,0.31,0.58,9.07,37.24,95.0,23.6,20.44,44.28,7.126666666666664,-30.219999999999988
184.29,0.09,1.2,8.88,37.24,95.0,23.6,19.86,44.97,1.8299999999999976,-22.166666666666654
184.33,0.04,0.67,8.58,37.24,95.0,23.6,19.39,45.68,-4.690000000000002,-12.099999999999985
184.37,0.19,-1.29,8.97,37.24,95.0,23.6,19.86,45.32,-13.653333333333336,-0.023333333333318624
184.41,0.06,-1.79,8.85,37.24,95.0,23.6,20.09,45.32,-20.983333333333334,10.443333333333348
184.45,0.43,-2.59,8.79,37.24,95.0,23.6,20.44,44.28,-31.166666666666668,20.910000000000014
184.49,-0.07,-2.35,9.18,37.24,95.0,23.6,19.97,44.62,-37.276666666666664,30.170000000000016
184.53,0.22,-3.11,8.0,37.24,95.0,23.6,19.86,46.04,-46.64666666666667,38.22333333333335
184.57,-0.37,-2.91,8.74,37.24,95.0,23.6,19.39,46.04,-53.57333333333333,44.26333333333335
184.61,-0.03,-3.82,9.06,37.24,95.0,23.6,19.97,45.68,-60.5,47.08333333333335
184.65,-0.01,-3.84,8.86,37.24,95.0,23.6,19.27,45.68,-64.57666666666667,50.30333333333334
184.69,0.03,-3.07,9.15,37.24,95.0,23.6,20.9,44.62,-66.20666666666666,51.106666666666676
184.73,0.31,-3.28,8.24,37.24,95.0,23.6,19.86,45.68,-64.57666666666667,50.30000000000001
184.77,0.16,-3.12,8.79,37.24,95.0,23.6,19.62,45.32,-59.28000000000001,49.896666666666675
184.81,0.5,-3.73,9.19,37.24,95.0,23.6,20.32,45.68,-49.5,48.28666666666667
184.85,0.28,-4.09,9.44,37.24,95.0,23.6,19.62,45.32,-38.50000000000001,49.89666666666668
184.89,0.15,-3.28,9.06,37.24,95.0,23.6,19.86,45.68,-24.646666666666675,47.48333333333335
184.93,0.2,-2.47,9.1,37.24,95.0,23.6,20.56,46.04,-12.426666666666671,45.47000000000002
184.97,0.2,-1.53,8.94,37.24,95.0,23.6,19.86,46.04,-1.4266666666666714,41.846666666666685
185.01,0.19,-1.38,9.41,37.24,95.0,23.6,19.97,46.04,8.756666666666662,37.820000000000014
185.05,0.07,-0.97,8.81,37.24,95.0,23.6,19.62,45.32,16.49666666666666,36.210000000000015
185.09,0.15,-0.97,8.7,37.24,95.0,23.6,20.32,45.68,24.643333333333327,30.173333333333346
185.13,0.25,-1.01,9.07,37.24,95.0,23.6,19.74,44.28,28.716666666666665,27.35333333333335
185.17,0.15,-0.28,8.95,37.24,95.0,23.6,20.44,44.62,34.82666666666666,19.703333333333347
185.21,0.31,0.34,9.03,37.24,95.0,23.6,20.09,46.04,37.67666666666666,12.45666666666668
185.25,0.51,0.72,9.09,37.24,95.0,23.6,22.28,45.32,40.93666666666666,4.003333333333347
185.29,0.56,0.5,9.22,37.24,95.0,23.6,20.21,45.68,44.603333333333325,-3.6466666666666523
185.33,-0.18,0.58,9.02,37.24,95.0,23.6,19.51,44.28,47.86333333333332,-9.283333333333319
185.37,-0.07,0.38,9.64,37.24,95.0,23.6,20.09,44.62,51.93666666666667,-17.739999999999984
185.41,-0.06,1.26,9.31,37.24,95.0,23.6,20.32,46.04,51.93666666666666,-24.986666666666654
185.45,0.32,2.21,9.2,37.24,95.0,23.6,20.21,45.68,52.34333333333333,-31.833333333333325
185.49,0.22,3.3,9.19,37.24,95.0,23.6,20.67,46.04,51.526666666666664,-39.47999999999999
185.53,0.22,3.2,9.21,37.24,95.0,23.6,19.62,46.04,48.26999999999999,-45.51666666666665
185.57,-0.07,2.12,9.19,37.24,95.0,23.6,20.09,46.04,45.01333333333333,-50.74999999999999
185.61,0.21,1.58,9.24,37.24,95.0,23.6,20.09,46.04,40.126666666666665,-51.15333333333333
185.65,0.19,2.19,9.56,37.24,95.0,23.6,19.97,44.62,38.90333333333333,-52.76666666666665
185.69,0.3,3.1,9.32,37.24,95.0,23.6,19.62,45.32,33.199999999999996,-52.76666666666665
185.73,-0.18,3.17,8.81,37.24,95.0,23.6,19.86,45.32,27.49666666666666,-51.96333333333333
185.77,-0.22,2.14,9.47,37.24,95.0,23.6,19.74,44.62,19.349999999999994,-48.339999999999996
185.81,0.45,0.26,9.4,37.24,95.0,23.6,20.09,45.32,16.496666666666663,-43.106666666666655
185.85,0.39,0.16,9.31,37.24,95.0,23.6,19.97,45.68,9.976666666666661,-35.45666666666665
185.89,-0.24,0.32,9.01,37.24,95.0,23.6,20.44,44.28,3.863333333333328,-26.196666666666655
185.93,0.09,0.35,9.05,37.24,95.0,23.6,20.21,44.97,-5.913333333333338,-13.713333333333322
185.97,0.02,-0.83,8.83,37.24,95.0,23.6,19.62,44.97,-13.653333333333341,-1.6333333333333215
186.01,-0.25,-1.47,8.77,37.24,95.0,23.6,20.21,46.04,-22.206666666666674,11.653333333333345
186.05,0.54,-2.38,9.39,37.24,95.0,23.6,20.32,44.97,-31.170000000000005,21.71666666666668
186.09,1.67,-3.18,9.42,37.24,95.0,23.6,18.92,45.32,-37.28,31.376666666666676
186.13,0.52,-3.47,9.96,37.24,95.0,23.6,20.79,46.04,-42.98333333333334,36.610000000000014
186.17,1.02,-3.38,9.69,37.24,95.0,23.6,20.09,45.32,-46.650000000000006,42.24666666666667
186.21,0.76,-4.07,9.25,37.24,95.0,23.6,20.56,44.62,-53.16666666666668,45.87000000000001
186.25,0.74,-3.31,8.26,37.24,95.0,23.6,20.21,44.28,-58.46333333333334,49.896666666666675
186.29,0.19,-4.05,9.45,37.24,95.0,23.6,20.09,46.04,-62.94333333333335,50.30000000000001
186.33,0.44,-3.48,9.61,37.24,95.0,23.6,20.09,45.68,-63.35,49.09333333333334
186.37,0.39,-2.98,8.76,37.24,95.0,23.6,20.44,45.68,-58.870000000000005,49.09333333333334
186.41,0.46,-3.01,8.68,37.24,95.0,23.6,19.86,47.15,-49.5,47.48333333333334
186.45,0.4,-3.42,8.95,37.24,95.0,23.6,19.62,44.97,-37.28,48.690000000000005
186.49,0.4,-3.61,9.09,37.24,95.0,23.6,20.21,44.28,-25.46333333333334,47.88666666666668
186.53,0.0,-2.47,8.88,37.24,95.0,23.6,19.97,45.68,-16.093333333333337,48.690000000000005
186.57,0.43,-1.75,8.73,37.24,95.0,23.6,19.62,46.04,-7.130000000000005,46.68000000000001
186.61,0.45,-0.99,9.18,37.24,95.0,23.6,20.09,45.32,3.459999999999994,41.84666666666668
186.65,0.25,-0.73,8.98,37.24,95.0,23.6,20.21,44.28,13.643333333333326,39.03000000000001
186.69,0.33,-1.37,9.15,37.24,95.0,23.6,20.67,44.62,20.97666666666666,34.19666666666668
186.73,0.11,-1.51,9.11,37.24,95.0,23.6,20.32,45.32,27.903333333333325,28.963333333333342
186.77,0.23,-0.48,9.02,37.24,95.0,23.6,20.21,44.28,32.383333333333326,22.120000000000008
186.81,0.46,0.12,9.18,37.24,95.0,23.6,19.74,45.68,38.9,15.276666666666676
186.85,0.65,0.75,9.14,37.24,95.0,23.6,20.44,44.28,41.74999999999999,7.223333333333343
186.89,0.42,0.56,9.13,37.24,95.0,23.6,20.09,46.04,45.41666666666666,-2.4399999999999906
186.93,0.77,0.35,8.85,37.24,95.0,23.6,20.9,44.28,47.85999999999999,-12.906666666666657
186.97,0.37,0.24,8.92,37.24,95.0,23.6,19.62,45.68,51.12,-20.553333333333324
187.01,-0.07,1.2,8.77,37.24,95.0,23.6,20.67,44.28,51.93666666666666,-27.799999999999994
187.05,0.21,1.75,9.28,37.24,95.0,23.6,19.86,45.32,50.30666666666665,-34.646666666666654
187.09,0.23,3.89,9.17,37.24,95.0,23.6,19.97,44.97,46.23333333333333,-39.883333333333326
187.13,0.23,3.08,9.27,37.24,95.0,23.6,19.74,45.32,44.19666666666666,-45.923333333333325
187.17,0.12,2.4,9.4,37.24,95.0,23.6,20.21,44.62,42.15999999999999,-47.533333333333324
187.21,0.23,1.22,9.28,37.24,95.0,23.6,20.21,45.68,40.93666666666666,-49.94666666666666
187.25,0.08,1.99,9.22,37.24,95.0,23.6,20.09,45.32,40.12,-50.75333333333333
187.29,0.13,3.07,9.39,37.24,95.0,23.6,20.09,46.04,35.63999999999999,-51.96
187.33,0.37,3.35,9.56,37.24,95.0,23.6,19.62,45.68,29.936666666666657,-49.54666666666666
187.37,0.64,1.36,9.03,37.24,95.0,23.6,21.13,46.41,21.789999999999992,-45.11666666666665
187.41,0.8,0.57,9.0,37.24,95.0,23.6,20.67,46.04,18.52999999999999,-40.68999999999999
187.45,0.26,0.77,8.98,37.24,95.0,23.6,20.9,44.62,12.013333333333323,-34.24666666666666
187.49,0.64,0.42,9.25,37.24,95.0,23.6,19.86,46.04,5.086666666666659,-26.193333333333324
187.53,0.59,0.34,9.11,37.24,95.0,23.6,20.9,44.28,-3.060000000000007,-16.933333333333323
187.57,0.53,-0.56,9.16,37.24,95.0,23.6,19.74,45.68,-10.39333333333334,-5.6599999999999895
187.61,0.53,-1.07,8.91,37.24,95.0,23.6,20.44,46.04,-18.13333333333334,4.806666666666676
187.65,0.7,-1.93,9.06,37.24,95.0,23.6,20.44,44.62,-25.87333333333334,17.29000000000001
187.69,0.56,-2.01,9.18,37.24,95.0,23.6,19.51,46.04,-35.24333333333334,26.55000000000001
187.73,0.75,-2.56,9.78,37.24,95.0,23.6,20.56,46.41,-40.94666666666668,35.40666666666667
187.77,1.17,-3.99,9.02,37.24,95.0,23.6,19.62,45.32,-48.686666666666675,40.23666666666668
187.81,0.87,-3.56,8.93,37.24,95.0,23.6,20.9,44.28,-53.98333333333334,43.05333333333334
187.85,0.34,-4.44,10.06,37.24,95.0,23.6,19.62,47.92,-60.90666666666667,46.27333333333335
187.89,0.46,-3.92,9.41,37.24,95.0,23.6,19.62,45.68,-64.16666666666667,49.896666666666675
187.93,0.25,-3.61,9.41,37.24,95.0,23.6,20.9,44.62,-64.57333333333334,51.910000000000004
187.97,0.33,-3.0,9.01,37.24,95.0,23.6,19.39,46.04,-61.31666666666667,51.51000000000001
188.01,0.3,-3.26,9.18,37.24,95.0,23.6,20.44,44.28,-53.98333333333334,49.49666666666667
188.05,0.27,-3.12,8.85,37.24,95.0,23.6,19.86,46.04,-43.39000000000001,48.693333333333335
188.09,0.08,-3.54,8.94,37.24,95.0,23.6,19.62,45.68,-30.76,49.49666666666667
188.13,0.06,-3.07,9.19,37.24,95.0,23.6,20.21,44.28,-20.16666666666667,49.90000000000001
188.17,0.28,-1.95,8.96,37.24,95.0,23.6,21.36,44.28,-9.170000000000003,47.08000000000001
188.21,0.22,-0.8,8.71,37.24,95.0,23.6,19.62,46.04,-0.20666666666667174,43.860000000000014
188.25,0.23,-1.31,9.95,37.24,95.0,23.6,19.86,46.04,9.569999999999995,38.62666666666667
188.29,0.2,-1.69,9.4,37.24,95.0,23.6,20.32,45.32,18.12666666666666,35.00333333333335
188.33,0.36,-1.73,9.27,37.24,95.0,23.6,20.32,46.04,25.866666666666664,28.16000000000001
188.37,0.15,-0.98,9.14,37.24,95.0,23.6,19.86,46.04,31.97666666666666,22.120000000000008
188.41,0.34,-0.02,9.09,37.24,95.0,23.6,20.79,46.04,37.27333333333333,14.066666666666677
188.45,0.59,0.6,9.29,37.24,95.0,23.6,18.92,46.04,40.93999999999999,7.623333333333343
188.49,0.38,0.93,9.25,37.24,95.0,23.6,19.39,46.04,44.60666666666666,1.5833333333333428
188.53,-0.01,0.85,9.27,37.24,95.0,23.6,20.32,46.04,46.23666666666666,-5.25999999999999
188.57,-0.15,0.14,9.29,37.24,95.0,23.6,18.56,44.28,48.27333333333333,-15.323333333333323
188.61,0.26,1.05,8.76,37.24,95.0,23.6,20.32,46.04,47.86666666666665,-23.373333333333324
188.65,0.42,1.52,9.25,37.24,95.0,23.6,20.09,46.04,47.456666666666656,-31.42333333333333
188.69,0.13,3.49,9.26,37.24,95.0,23.6,20.44,45.32,48.26999999999999,-36.65999999999999
188.73,0.28,3.05,9.41,37.24,95.0,23.6,20.44,44.97,46.63999999999999,-43.50666666666666
188.77,0.13,2.88,9.31,37.24,95.0,23.6,19.62,46.04,45.419999999999995,-46.326666666666654
188.81,0.39,1.46,9.21,37.24,95.0,23.6,20.44,44.97,40.53333333333333,-49.54666666666666
188.85,0.43,1.92,9.2,37.24,95.0,23.6,19.74,44.28,38.086666666666666,-49.94666666666666
188.89,0.34,2.78,9.78,37.24,95.0,23.6,20.9,44.62,33.19666666666666,-51.15333333333333
188.93,-0.07,4.25,9.02,37.24,95.0,23.6,20.32,46.04,29.936666666666657,-50.74999999999999
188.97,0.25,1.81,9.67,37.24,95.0,23.6,21.82,44.97,23.826666666666664,-50.74999999999999
189.01,0.31,1.68,9.08,37.24,95.0,23.6,19.86,44.97,18.529999999999994,-47.126666666666665
189.05,-0.06,0.29,8.85,37.24,95.0,23.6,20.44,44.28,11.19666666666666,-40.283333333333324
189.09,0.04,1.03,8.65,37.24,95.0,23.6,19.62,45.32,5.086666666666662,-29.413333333333327
189.13,0.35,0.33,8.95,37.24,95.0,23.6,19.86,46.04,-3.0600000000000045,-18.543333333333322
189.17,0.25,-0.13,9.02,37.24,95.0,23.6,20.09,45.32,-8.763333333333337,-7.26999999999999
189.21,0.14,-1.24,8.91,37.24,95.0,23.6,20.21,45.68,-16.09666666666667,5.210000000000011
189.25,0.72,-1.98,9.24,37.24,95.0,23.6,20.09,46.04,-23.430000000000007,16.08000000000001
189.29,1.2,-2.62,9.31,37.24,95.0,23.6,19.39,46.04,-34.02,27.75666666666668
189.33,1.43,-3.28,9.74,37.24,95.0,23.6,19.86,45.68,-42.573333333333345,34.19666666666668
189.37,1.49,-4.21,9.33,37.24,95.0,23.6,20.44,44.28,-49.09,39.43000000000001
189.41,0.78,-3.33,8.58,37.24,95.0,23.6,20.9,44.62,-55.20333333333334,41.84666666666668
189.45,1.32,-3.78,9.08,37.24,95.0,23.6,20.44,45.32,-60.093333333333334,45.070000000000014
189.49,0.58,-4.15,9.23,37.24,95.0,23.6,20.09,46.04,-64.98333333333333,47.48666666666668
189.53,0.48,-4.28,9.59,37.24,95.0,23.6,20.09,47.92,-65.79666666666668,49.900000000000006
189.57,0.36,-3.06,9.01,37.24,95.0,23.6,20.44,44.28,-61.723333333333336,48.690000000000005
189.61,0.48,-2.98,9.35,37.24,95.0,23.6,20.09,45.32,-53.98333333333333,49.09333333333334
189.65,0.26,-3.47,9.5,37.24,95.0,23.6,19.62,46.04,-43.39333333333334,49.09333333333334
189.69,0.24,-3.36,8.77,37.24,95.0,23.6,19.86,46.04,-33.61666666666667,49.49666666666667
189.73,0.33,-3.15,8.77,37.24,95.0,23.6,19.97,46.04,-20.173333333333336,47.080000000000005
189.77,0.08,-2.38,9.13,37.24,95.0,23.6,19.62,45.32,-9.58,45.470000000000006
189.81,0.39,-1.75,9.41,37.24,95.0,23.6,20.67,43.94,0.20000000000000018,43.860000000000014
189.85,0.31,-0.72,8.69,37.24,95.0,23.6,20.56,45.32,9.57,42.25000000000001
189.89,0.39,-1.12,9.17,37.24,95.0,23.6,19.62,46.04,17.31,37.01666666666667
189.93,0.41,-1.37,8.91,37.24,95.0,23.6,19.62,46.04,25.05,32.186666666666675
189.97,0.2,-1.09,9.04,37.24,95.0,23.6,19.51,43.28,31.163333333333338,23.730000000000008
190.01,0.21,-0.43,9.03,37.24,95.0,23.6,19.62,45.68,38.09,17.28666666666668
190.05,0.44,0.45,9.24,37.24,95.0,23.6,20.44,44.28,43.79333333333333,7.623333333333343
190.09,0.62,0.95,9.41,37.24,95.0,23.6,19.97,44.62,46.23666666666667,2.793333333333343
190.13,0.32,0.88,9.17,37.24,95.0,23.6,19.15,44.62,47.45666666666667,-4.853333333333324
190.17,0.38,0.37,8.85,37.24,95.0,23.6,19.74,44.97,47.04666666666666,-12.099999999999989
190.21,0.01,0.8,9.08,37.24,95.0,23.6,20.09,46.04,47.04666666666666,-22.166666666666657
190.25,0.37,1.0,9.12,37.24,95.0,23.6,19.74,45.68,47.45666666666667,-29.416666666666657
190.29,0.61,3.2,8.79,37.24,95.0,23.6,20.09,46.04,47.45666666666667,-36.66333333333333
190.33,0.11,3.33,9.26,37.24,95.0,23.6,19.74,45.68,47.86333333333332,-40.286666666666655
190.37,0.31,3.27,9.1,37.24,95.0,23.6,19.97,45.32,47.453333333333326,-46.72666666666666
190.41,0.34,1.92,8.95,37.24,95.0,23.6,20.32,44.62,47.04666666666666,-50.34999999999999
190.45,0.41,2.06,8.79,37.24,95.0,23.6,20.67,44.97,42.97333333333333,-54.776666666666664
190.49,0.44,2.78,8.88,37.24,95.0,23.6,20.09,44.28,37.68,-55.58333333333332
190.53,0.59,3.52,9.37,37.24,95.0,23.6,20.67,45.32,30.756666666666664,-52.76666666666666
190.57,0.86,1.43,9.9,37.24,95.0,23.6,19.97,45.68,24.236666666666668,-49.94999999999999
190.61,0.25,1.88,9.52,37.24,95.0,23.6,20.9,44.28,19.346666666666668,-46.72666666666666
190.65,0.3,-0.05,9.24,37.24,95.0,23.6,20.9,44.62,13.643333333333333,-41.896666666666654
190.69,-0.15,1.14,8.59,37.24,95.0,23.6,20.44,44.28,7.94,-34.24666666666666
190.73,0.22,0.74,9.2,37.24,95.0,23.6,20.09,48.32,1.4233333333333331,-24.58666666666666
190.77,0.46,0.33,9.08,37.24,95.0,23.6,19.62,45.68,-5.91,-11.703333333333324
190.81,0.43,-1.16,9.01,37.24,95.0,23.6,19.74,44.28,-15.276666666666666,1.986666666666676
190.85,0.29,-1.76,9.27,37.24,95.0,23.6,19.86,44.97,-25.463333333333328,15.27333333333334
190.89,0.4,-2.79,9.08,37.24,95.0,23.6,20.44,44.62,-32.38999999999999,24.936666666666678
190.93,0.3,-2.63,9.36,37.24,95.0,23.6,20.9,44.62,-40.13333333333333,33.793333333333344
190.97,0.84,-3.49,8.67,37.24,95.0,23.6,20.09,44.62,-46.24333333333333,40.64000000000001
191.01,0.33,-2.47,8.7,37.24,95.0,23.6,19.74,44.97,-54.79666666666666,43.863333333333344
191.05,0.74,-4.05,9.1,37.24,95.0,23.6,20.09,46.04,-58.053333333333335,46.68000000000001
191.09,0.33,-4.07,8.84,37.24,95.0,23.6,20.09,44.62,-60.09,47.08000000000001
191.13,0.21,-3.87,9.38,37.24,95.0,23.6,20.79,45.68,-62.13,49.09000000000001
191.17,0.49,-3.57,9.22,37.24,95.0,23.6,19.86,45.32,-61.723333333333336,48.28666666666667
191.21,0.15,-2.4,9.15,37.24,95.0,23.6,20.44,44.28,-56.833333333333336,48.28666666666667
191.25,0.45,-2.76,8.86,37.24,95.0,23.6,20.56,44.62,-45.42666666666667,49.49666666666668
191.29,0.39,-3.73,9.36,37.24,95.0,23.6,19.97,44.62,-32.39,49.900000000000006
191.33,0.14,-3.43,9.19,37.24,95.0,23.6,20.21,44.97,-23.83666666666667,50.30333333333334
191.37,0.04,-2.7,9.14,37.24,95.0,23.6,20.44,44.28,-14.056666666666667,46.27666666666668
191.41,0.36,-2.01,9.11,37.24,95.0,23.6,20.44,44.62,-4.6866666666666665,45.066666666666684
191.45,0.21,-0.44,8.43,37.24,95.0,23.6,19.86,45.32,7.943333333333334,41.443333333333335
191.49,0.28,-1.04,8.85,37.24,95.0,23.6,20.44,42.96,17.720000000000002,37.01333333333334
191.53,-0.07,-0.94,8.77,37.24,95.0,23.6,20.32,46.04,24.236666666666668,29.363333333333344
191.57,0.06,-1.26,8.95,37.24,95.0,23.6,19.62,45.32,29.53,24.533333333333342
191.61,0.09,-0.66,9.06,37.24,95.0,23.6,20.09,45.32,34.82666666666666,18.093333333333344
191.65,0.33,0.19,8.97,37.24,95.0,23.6,20.56,44.28,40.93666666666666,12.056666666666677
191.69,0.76,0.79,9.05,37.24,95.0,23.6,20.44,44.62,47.050000000000004,2.796666666666676
191.73,1.04,1.05,8.94,37.24,95.0,23.6,18.21,45.32,51.53,-5.65999999999999
191.77,0.42,0.78,9.07,37.24,95.0,23.6,20.21,45.32,52.75333333333333,-15.323333333333323
191.81,-0.01,0.55,9.69,37.24,95.0,23.6,21.02,44.62,52.75333333333333,-22.169999999999987
191.85,0.36,1.06,8.93,37.24,95.0,23.6,20.44,43.94,50.71666666666667,-29.81666666666666
191.89,0.46,1.71,9.05,37.24,95.0,23.6,20.32,46.04,50.31,-36.66
191.93,0.19,3.61,9.23,37.24,95.0,23.6,19.04,44.28,47.050000000000004,-43.50333333333333
191.97,0.34,3.17,9.5,37.24,95.0,23.6,19.62,46.04,45.01333333333333,-45.919999999999995
192.01,0.13,2.28,9.25,37.24,95.0,23.6,20.44,44.62,43.38333333333333,-47.529999999999994
192.05,0.01,1.4,9.18,37.24,95.0,23.6,20.21,44.28,40.940000000000005,-48.73666666666666
192.09,0.15,1.81,9.14,37.24,95.0,23.6,20.44,44.62,38.49333333333333,-50.34666666666666
192.13,0.27,3.04,9.73,37.24,95.0,23.6,20.32,46.04,33.196666666666665,-51.96
192.17,0.55,2.47,9.96,37.24,95.0,23.6,19.39,44.97,27.899999999999995,-51.15666666666666
192.21,-0.46,2.48,9.43,37.24,95.0,23.6,19.62,45.68,21.790000000000003,-46.73
192.25,-0.58,1.0,9.83,37.24,95.0,23.6,20.32,45.32,17.31,-41.09333333333333
192.29,0.27,0.58,9.18,37.24,95.0,23.6,19.39,44.97,12.013333333333334,-33.03999999999999
192.33,0.79,0.29,9.4,37.24,95.0,23.6,19.86,46.04,5.496666666666667,-22.973333333333326
192.37,0.78,0.19,9.22,37.24,95.0,23.6,20.09,46.04,-4.69,-10.089999999999991
192.41,0.6,-1.46,9.2,37.24,95.0,23.6,20.09,45.32,-14.466666666666667,1.9866666666666764
192.45,0.31,-2.28,9.21,37.24,95.0,23.6,20.9,45.68,-23.83666666666667,12.856666666666676
192.49,-0.1,-2.55,8.68,37.24,95.0,23.6,19.86,46.41,-32.38999999999999,22.52000000000001
192.53,-0.23,-2.05,8.91,37.24,95.0,23.6,20.67,44.28,-40.129999999999995,30.170000000000012
192.57,0.03,-2.63,9.17,37.24,95.0,23.6,20.09,44.62,-46.65,36.21000000000001
192.61,0.1,-2.86,8.98,37.24,95.0,23.6,20.44,44.97,-50.31666666666666,40.23666666666668
192.65,0.22,-3.84,8.41,37.24,95.0,23.6,20.09,44.62,-53.57666666666666,45.070000000000014
192.69,-0.08,-3.87,8.52,37.24,95.0,23.6,19.51,44.97,-58.87,46.27666666666667
192.73,-0.22,-3.92,8.93,37.24,95.0,23.6,20.44,45.32,-61.31333333333333,49.09333333333334
192.77,-0.16,-3.24,9.33,37.24,95.0,23.6,20.09,46.04,-63.349999999999994,49.49333333333334
192.81,0.34,-2.9,9.06,37.24,95.0,23.6,20.56,45.32,-56.833333333333336,51.103333333333346
192.85,0.19,-3.07,9.12,37.24,95.0,23.6,19.74,45.68,-49.09333333333333,51.910000000000004
192.89,0.17,-3.9,9.57,37.24,95.0,23.6,19.62,46.04,-37.279999999999994,52.716666666666676
192.93,0.22,-3.32,8.95,37.24,95.0,23.6,20.21,43.28,-26.279999999999998,52.31333333333334
192.97,0.21,-3.3,9.13,37.24,95.0,23.6,19.39,45.68,-15.689999999999996,50.70333333333334
193.01,0.3,-2.43,9.08,37.24,95.0,23.6,20.44,46.04,-5.096666666666661,45.87333333333334
193.05,0.39,-1.02,9.34,37.24,95.0,23.6,20.09,46.04,3.0500000000000047,42.25000000000001
193.09,0.25,-0.74,8.82,37.24,95.0,23.6,20.79,44.28,12.830000000000004,36.613333333333344
193.13,0.21,-1.13,9.26,37.24,95.0,23.6,20.44,46.41,21.793333333333337,31.37666666666668
193.17,0.11,-1.2,8.92,37.24,95.0,23.6,20.32,46.41,28.313333333333336,25.340000000000007
193.21,0.31,-1.01,8.94,37.24,95.0,23.6,19.62,45.32,32.793333333333344,20.10666666666668
193.25,0.28,-0.39,9.14,37.24,95.0,23.6,20.21,44.97,36.46000000000001,14.470000000000011
193.29,0.17,0.47,8.97,37.24,95.0,23.6,19.86,45.68,42.16333333333334,5.610000000000009
193.33,0.24,0.68,9.01,37.24,95.0,23.6,19.62,45.32,45.830000000000005,-2.846666666666657
193.37,0.44,0.99,8.88,37.24,95.0,23.6,19.62,45.68,49.08666666666667,-9.68999999999999
193.41,-0.38,1.04,9.09,37.24,95.0,23.6,20.56,44.62,51.93666666666667,-16.936666666666657
193.45,-0.0,1.31,8.53,37.24,95.0,23.6,20.44,44.62,51.93666666666667,-23.37666666666666
193.49,0.33,1.28,9.19,37.24,95.0,23.6,19.86,45.68,50.71666666666667,-32.636666666666656
193.53,0.14,3.55,9.21,37.24,95.0,23.6,22.05,44.62,47.45666666666667,-37.063333333333325
193.57,0.06,3.2,9.19,37.24,95.0,23.6,20.09,46.04,46.23333333333334,-45.11666666666665
193.61,0.41,2.64,9.02,37.24,95.0,23.6,19.86,46.04,43.379999999999995,-47.529999999999994
193.65,0.19,1.92,8.78,37.24,95.0,23.6,20.09,46.04,40.53,-52.76333333333333
193.69,0.16,2.28,8.81,37.24,95.0,23.6,20.09,46.04,36.45666666666667,-53.16666666666666
193.73,0.26,3.07,8.9,37.24,95.0,23.6,19.74,46.04,32.38333333333333,-54.779999999999994
193.77,0.6,3.36,9.14,37.24,95.0,23.6,20.09,44.62,29.94000000000001,-53.97666666666666
193.81,0.25,1.16,10.04,37.24,95.0,23.6,20.21,45.32,25.460000000000008,-51.96333333333333
193.85,0.66,0.58,9.55,37.24,95.0,23.6,20.21,44.97,20.163333333333338,-45.11666666666667
193.89,0.25,0.27,9.27,37.24,95.0,23.6,19.74,43.28,12.013333333333337,-36.26
193.93,1.06,0.43,9.23,37.24,95.0,23.6,20.9,44.62,4.273333333333338,-23.37666666666666
193.97,0.6,0.04,9.38,37.24,95.0,23.6,20.56,45.32,-1.0233333333333283,-12.50666666666666
194.01,0.52,-0.68,9.12,37.24,95.0,23.6,20.09,46.04,-10.393333333333329,-0.023333333333326323
194.05,0.21,-1.67,8.91,37.24,95.0,23.6,20.21,45.68,-18.13333333333333,10.846666666666673
194.09,0.63,-1.79,8.86,37.24,95.0,23.6,19.62,46.04,-29.539999999999992,20.510000000000005
194.13,0.23,-2.03,9.16,37.24,95.0,23.6,19.74,44.97,-37.68666666666666,27.353333333333342
194.17,0.94,-2.14,9.54,37.24,95.0,23.6,20.44,44.62,-44.61333333333332,32.99000000000001
194.21,1.03,-4.39,10.03,37.24,95.0,23.6,20.32,46.04,-51.129999999999995,37.01333333333334
194.25,0.63,-3.22,8.6,37.24,95.0,23.6,19.39,46.04,-57.23999999999999,43.45333333333334
194.29,0.43,-4.14,9.91,37.24,95.0,23.6,20.67,44.62,-62.94333333333333,45.870000000000005
194.33,0.23,-4.12,9.5,37.24,95.0,23.6,20.44,44.28,-64.98,48.28666666666667
194.37,0.31,-3.71,9.25,37.24,95.0,23.6,20.09,46.04,-63.35,47.88666666666668
194.41,0.18,-3.35,8.98,37.24,95.0,23.6,20.56,44.28,-57.64666666666667,50.30333333333334
194.45,0.43,-2.45,8.48,37.24,95.0,23.6,20.56,45.68,-47.87,51.11000000000001
194.49,0.28,-2.8,8.58,37.24,95.0,23.6,19.74,44.97,-38.09333333333333,52.31666666666667
194.53,0.16,-3.42,9.18,37.24,95.0,23.6,20.21,44.97,-29.129999999999995,49.49666666666667
194.57,0.13,-3.04,8.9,37.24,95.0,23.6,20.09,45.32,-18.53666666666666,48.28666666666667
194.61,0.33,-2.16,8.93,37.24,95.0,23.6,19.62,46.04,-8.759999999999996,45.06666666666667
194.65,0.28,-1.13,8.52,37.24,95.0,23.6,20.09,46.04,2.2366666666666712,42.25000000000001
194.69,0.47,-1.11,9.32,37.24,95.0,23.6,19.74,44.28,7.940000000000005,38.62666666666667
194.73,0.39,-1.14,8.87,37.24,95.0,23.6,20.56,44.28,16.08666666666667,35.00333333333334
194.77,0.29,-1.4,9.21,37.24,95.0,23.6,19.74,44.97,21.790000000000006,30.57333333333334
194.81,0.08,-1.12,9.12,37.24,95.0,23.6,19.86,45.32,29.936666666666667,22.923333333333343
194.85,0.18,-0.24,8.9,37.24,95.0,23.6,20.44,44.28,38.08666666666667,13.260000000000007
194.89,-0.01,0.52,8.77,37.24,95.0,23.6,19.62,46.04,43.79,4.806666666666675
194.93,-0.49,0.99,9.08,37.24,95.0,23.6,20.44,44.28,49.086666666666666,-3.64666666666666
194.97,-0.27,0.88,9.36,37.24,95.0,23.6,19.86,46.04,50.71333333333333,-10.089999999999995
195.01,-0.45,1.07,9.34,37.24,95.0,23.6,20.21,44.28,52.75,-16.933333333333326
195.05,-0.01,0.76,9.35,37.24,95.0,23.6,19.97,44.62,53.15666666666667,-23.37666666666666
195.09,0.06,1.54,9.17,37.24,95.0,23.6,19.39,44.28,51.93666666666667,-31.02333333333333
195.13,0.3,2.6,9.63,37.24,95.0,23.6,20.21,45.32,49.49333333333334,-38.273333333333326
195.17,0.15,3.01,8.92,37.24,95.0,23.6,19.51,44.97,45.01333333333334,-42.69999999999999
195.21,0.33,2.92,9.14,37.24,95.0,23.6,21.02,43.94,44.196666666666665,-47.93666666666666
195.25,0.29,1.8,9.16,37.24,95.0,23.6,19.39,45.32,42.56666666666667,-52.36333333333332
195.29,0.02,2.06,9.31,37.24,95.0,23.6,19.97,44.97,39.306666666666665,-55.58333333333332
195.33,0.34,2.72,9.59,37.24,95.0,23.6,19.86,46.04,33.196666666666665,-53.56999999999999
195.37,0.31,3.31,9.14,37.24,95.0,23.6,20.44,44.62,29.123333333333335,-51.556666666666665
195.41,0.44,1.5,9.1,37.24,95.0,23.6,19.97,44.28,25.863333333333333,-49.54333333333332
195.45,0.34,0.67,8.76,37.24,95.0,23.6,20.9,44.62,20.16,-44.70999999999999
195.49,-0.15,0.67,9.56,37.24,95.0,23.6,20.32,45.32,15.273333333333335,-36.25666666666666
195.53,0.4,0.55,8.89,37.24,95.0,23.6,21.71,44.62,7.126666666666669,-23.77666666666666
195.57,0.36,0.73,9.03,37.24,95.0,23.6,19.39,45.68,0.6100000000000024,-12.503333333333325
195.61,0.22,0.32,8.89,37.24,95.0,23.6,20.44,46.04,-8.759999999999998,-2.8399999999999928
195.65,0.21,-0.96,8.97,37.24,95.0,23.6,19.62,46.04,-16.09333333333333,5.61333333333334
195.69,0.43,-2.04,9.17,37.24,95.0,23.6,20.32,45.32,-25.463333333333328,12.053333333333342
195.73,0.09,-2.52,9.11,37.24,95.0,23.6,20.09,46.04,-35.24,20.910000000000007
195.77,0.24,-3.53,9.28,37.24,95.0,23.6,20.09,45.32,-44.60999999999999,28.96333333333334
195.81,0.6,-3.38,8.22,37.24,95.0,23.6,19.39,45.32,-51.129999999999995,35.80666666666667
195.85,-0.1,-3.02,8.99,37.24,95.0,23.6,20.21,44.62,-57.65,41.443333333333335
195.89,0.54,-3.47,9.04,37.24,95.0,23.6,20.09,46.78,-62.129999999999995,44.663333333333334
195.93,0.15,-3.98,9.19,37.24,95.0,23.6,20.21,44.97,-66.20333333333333,47.88666666666668
195.97,0.09,-3.75,8.72,37.24,95.0,23.6,19.62,45.32,-66.61,48.693333333333335
196.01,0.17,-3.15,9.07,37.24,95.0,23.6,20.32,46.04,-62.129999999999995,50.30333333333334
196.05,0.46,-2.99,9.08,37.24,95.0,23.6,19.86,45.68,-53.98,50.30333333333334
196.09,0.28,-3.64,9.37,37.24,95.0,23.6,20.9,44.28,-42.98,49.49666666666667
196.13,0.34,-3.39,9.03,37.24,95.0,23.6,20.21,45.68,-32.38666666666666,49.49666666666667
196.17,0.12,-3.31,8.9,37.24,95.0,23.6,19.86,47.92,-21.796666666666663,49.49666666666667
196.21,0.43,-2.74,9.3,37.24,95.0,23.6,19.51,45.68,-10.389999999999993,49.09333333333334
196.25,0.53,-1.96,9.19,37.24,95.0,23.6,20.21,45.68,-0.6133333333333285,46.68000000000001
196.29,0.18,-0.77,8.62,37.24,95.0,23.6,20.44,46.04,9.570000000000006,40.64000000000001
196.33,0.41,-0.73,9.05,37.24,95.0,23.6,19.86,45.68,16.49333333333334,35.00333333333334
196.37,0.33,-1.35,9.19,37.24,95.0,23.6,20.21,44.28,23.416666666666675,28.560000000000006
196.41,0.19,-1.07,8.88,37.24,95.0,23.6,20.56,45.68,31.160000000000007,23.32666666666667
196.45,0.17,-0.57,8.97,37.24,95.0,23.6,21.02,44.28,36.86333333333334,17.69000000000001
196.49,0.3,0.4,9.24,37.24,95.0,23.6,20.44,46.41,43.38333333333333,8.430000000000007
196.53,0.43,0.98,9.21,37.24,95.0,23.6,19.86,46.04,45.826666666666675,1.5833333333333404
196.57,0.11,0.63,9.38,37.24,95.0,23.6,19.39,46.04,49.49333333333334,-6.466666666666659
196.61,-0.0,0.58,9.38,37.24,95.0,23.6,21.02,44.62,51.93666666666667,-12.103333333333325
196.65,0.58,0.39,9.46,37.24,95.0,23.6,19.86,45.68,52.343333333333334,-20.556666666666658
196.69,0.35,1.38,9.22,37.24,95.0,23.6,19.62,45.32,50.71333333333334,-27.403333333333325
196.73,0.34,2.57,9.18,37.24,95.0,23.6,20.21,44.97,47.046666666666674,-35.05333333333332
196.77,0.25,3.22,9.35,37.24,95.0,23.6,19.74,44.28,44.60333333333333,-39.48333333333332
196.81,0.11,3.29,9.47,37.24,95.0,23.6,19.86,45.68,42.97666666666667,-45.51999999999999
196.85,0.03,2.2,9.16,37.24,95.0,23.6,20.21,45.68,40.940000000000005,-47.533333333333324
196.89,0.1,1.7,9.04,37.24,95.0,23.6,19.62,46.04,37.68000000000001,-51.556666666666665
196.93,0.25,2.55,9.1,37.24,95.0,23.6,19.86,44.97,34.42000000000001,-53.56999999999999
196.97,0.22,3.24,9.13,37.24,95.0,23.6,19.97,45.68,29.94,-54.37333333333333
197.01,-0.07,2.57,9.22,37.24,95.0,23.6,20.09,44.28,26.27333333333334,-52.359999999999985
197.05,0.16,2.05,9.2,37.24,95.0,23.6,20.09,46.04,21.383333333333336,-46.31999999999999
197.09,0.42,0.79,8.55,37.24,95.0,23.6,20.21,46.04,15.680000000000005,-39.47666666666666
197.13,0.14,0.67,8.57,37.24,95.0,23.6,19.74,45.32,8.753333333333337,-29.413333333333327
197.17,0.05,1.19,8.86,37.24,95.0,23.6,19.62,45.32,0.6066666666666712,-18.143333333333324
197.21,0.22,0.28,8.91,37.24,95.0,23.6,20.21,45.32,-7.949999999999996,-6.869999999999991
197.25,0.22,-1.23,9.02,37.24,95.0,23.6,19.86,47.92,-16.50333333333333,4.806666666666676
197.29,0.42,-2.13,9.09,37.24,95.0,23.6,19.39,46.04,-25.873333333333324,13.666666666666677
197.33,0.43,-2.59,8.72,37.24,95.0,23.6,19.86,46.04,-33.61333333333332,21.72000000000001
197.37,0.04,-3.04,8.86,37.24,95.0,23.6,19.62,46.04,-42.57666666666666,28.96666666666668
197.41,-0.16,-2.8,8.95,37.24,95.0,23.6,20.32,46.41,-49.09333333333333,37.42000000000001
197.45,-0.57,-2.4,8.37,37.24,95.0,23.6,20.44,44.28,-54.38999999999999,42.65333333333334
197.49,0.52,-3.99,9.53,37.24,95.0,23.6,19.62,45.68,-58.056666666666665,47.88666666666668
197.53,-0.04,-3.41,8.6,37.24,95.0,23.6,20.44,44.62,-59.68666666666666,49.09333333333334
197.57,0.45,-3.51,8.22,37.24,95.0,23.6,19.86,46.04,-62.94333333333333,50.70333333333334
197.61,0.03,-3.47,8.97,37.24,95.0,23.6,18.92,45.68,-61.31333333333333,50.70333333333334
197.65,0.43,-2.73,8.99,37.24,95.0,23.6,19.62,46.04,-56.833333333333336,50.30333333333334
197.69,0.14,-2.74,8.9,37.24,95.0,23.6,19.86,45.68,-47.056666666666665,49.49666666666667
197.73,0.33,-3.91,9.52,37.24,95.0,23.6,20.32,46.04,-36.05666666666666,47.48333333333334
197.77,0.28,-3.21,8.81,37.24,95.0,23.6,19.27,45.32,-23.83333333333333,46.27333333333334
197.81,0.32,-2.86,8.84,37.24,95.0,23.6,19.86,45.32,-13.243333333333327,44.663333333333334
197.85,0.26,-1.8,8.99,37.24,95.0,23.6,20.56,45.68,-2.6499999999999955,41.44333333333334
197.89,0.25,-1.32,9.6,37.24,95.0,23.6,19.62,46.04,4.273333333333338,37.82000000000001
197.93,0.49,-0.77,8.71,37.24,95.0,23.6,20.67,46.04,14.460000000000006,34.6
197.97,0.27,-1.19,8.94,37.24,95.0,23.6,19.62,46.04,20.163333333333338,30.976666666666677
198.01,0.08,-1.11,9.19,37.24,95.0,23.6,19.27,45.68,26.683333333333337,26.950000000000006
198.05,0.13,-0.57,8.84,37.24,95.0,23.6,19.39,46.04,32.38666666666668,21.71666666666668
198.09,0.35,0.21,9.01,37.24,95.0,23.6,20.32,46.04,39.31000000000001,13.663333333333341
198.13,0.54,0.85,9.19,37.24,95.0,23.6,19.86,46.04,45.42000000000001,5.61333333333334
198.17,0.25,0.94,9.13,37.24,95.0,23.6,19.62,44.97,49.08666666666667,-2.0366666666666595
198.21,1.14,0.28,8.93,37.24,95.0,23.6,19.74,44.28,51.12333333333334,-8.879999999999994
198.25,0.11,0.6,9.02,37.24,95.0,23.6,19.86,44.97,51.53000000000001,-17.33666666666666
198.29,0.4,0.94,9.5,37.24,95.0,23.6,19.74,44.28,49.49333333333334,-24.98666666666666
198.33,0.4,2.19,9.08,37.24,95.0,23.6,19.86,46.04,48.68000000000001,-32.23333333333333
198.37,0.36,3.65,9.22,37.24,95.0,23.6,19.97,45.32,47.45666666666667,-38.26999999999999
198.41,0.3,3.06,9.51,37.24,95.0,23.6,20.67,44.62,46.23333333333334,-45.11333333333332
198.45,0.25,2.35,9.3,37.24,95.0,23.6,20.09,45.32,44.196666666666665,-50.75
198.49,0.07,1.77,8.99,37.24,95.0,23.6,19.51,45.32,40.12333333333334,-54.37333333333333
198.53,0.18,2.18,9.2,37.24,95.0,23.6,20.21,44.62,35.23333333333334,-54.37333333333333
198.57,0.32,3.38,9.25,37.24,95.0,23.6,20.32,45.32,31.97333333333334,-53.56999999999999
198.61,0.28,2.96,9.38,37.24,95.0,23.6,19.97,44.28,29.12333333333334,-52.76666666666666
198.65,-0.49,2.04,9.52,37.24,95.0,23.6,19.86,44.97,24.643333333333334,-50.35333333333333
198.69,0.31,0.99,10.06,37.24,95.0,23.6,20.67,46.04,19.346666666666675,-43.50666666666666
198.73,0.07,0.45,9.48,37.24,95.0,23.6,20.09,46.04,11.606666666666674,-33.43999999999999
198.77,0.5,0.92,8.98,37.24,95.0,23.6,20.44,46.04,5.496666666666673,-23.37333333333333
198.81,0.8,-0.15,9.37,37.24,95.0,23.6,23.2,44.62,-5.093333333333326,-11.296666666666662
198.85,0.43,-1.17,9.04,37.24,95.0,23.6,20.56,44.28,-14.056666666666658,1.5866666666666713
198.89,0.33,-1.61,9.33,37.24,95.0,23.6,19.62,46.04,-24.649999999999995,13.66333333333334
198.93,0.47,-2.18,8.6,37.24,95.0,23.6,20.09,46.04,-33.61333333333332,22.520000000000007
198.97,1.0,-2.7,9.39,37.24,95.0,23.6,19.62,46.04,-42.57666666666666,29.76666666666667
199.01,0.38,-2.4,8.91,37.24,95.0,23.6,19.74,44.97,-49.09333333333333,35.403333333333336
199.05,1.01,-3.01,8.68,37.24,95.0,23.6,20.67,46.04,-55.60999999999999,39.43
199.09,0.15,-3.9,9.11,37.24,95.0,23.6,20.32,46.04,-60.089999999999996,42.65
199.13,0.43,-3.94,9.12,37.24,95.0,23.6,20.56,44.28,-62.94333333333333,47.48333333333333
199.17,0.25,-3.68,9.18,37.24,95.0,23.6,20.09,46.41,-64.57333333333334,51.10666666666666
199.21,0.2,-4.09,9.65,37.24,95.0,23.6,19.97,44.62,-61.72333333333333,53.92666666666667
199.25,0.52,-3.49,9.16,37.24,95.0,23.6,20.9,44.62,-58.056666666666665,52.71666666666667
199.29,0.23,-3.52,9.32,37.24,95.0,23.6,20.56,44.62,-47.059999999999995,52.31333333333334
199.33,0.28,-2.95,8.68,37.24,95.0,23.6,20.32,46.04,-37.27999999999999,49.49333333333334
199.37,0.2,-3.33,8.88,37.24,95.0,23.6,19.39,45.32,-25.056666666666658,47.48333333333334
199.41,0.16,-3.02,9.15,37.24,95.0,23.6,20.79,46.04,-16.906666666666656,45.473333333333336
199.45,0.09,-1.63,8.98,37.24,95.0,23.6,20.21,44.28,-7.946666666666657,44.26666666666667
199.49,0.65,-1.42,9.18,37.24,95.0,23.6,19.74,44.97,-0.6133333333333238,41.85000000000001
199.53,0.36,-1.15,8.92,37.24,95.0,23.6,20.56,44.28,7.940000000000009,39.433333333333344
199.57,0.47,-1.34,9.26,37.24,95.0,23.6,19.74,44.97,15.680000000000012,34.6
199.61,0.24,-1.47,9.1,37.24,95.0,23.6,20.44,44.28,23.420000000000012,28.96333333333334
199.65,0.28,-0.89,9.01,37.24,95.0,23.6,20.9,44.28,32.38333333333335,19.300000000000008
199.69,0.33,-0.03,9.05,37.24,95.0,23.6,20.44,44.62,40.12333333333334,12.860000000000005
199.73,0.72,0.67,9.18,37.24,95.0,23.6,20.32,45.32,46.23333333333334,5.210000000000005
199.77,0.2,0.95,9.16,37.24,95.0,23.6,19.86,46.04,48.67666666666668,-0.4266666666666617
199.81,-0.03,0.91,9.45,37.24,95.0,23.6,19.97,45.68,50.30666666666667,-8.883333333333328
199.85,0.76,0.13,9.09,37.24,95.0,23.6,19.39,45.32,51.12,-16.533333333333328
199.89,0.17,0.8,9.49,37.24,95.0,23.6,20.21,44.62,49.49,-24.183333333333326
199.93,0.33,1.86,9.2,37.24,95.0,23.6,19.15,46.04,47.86000000000001,-32.23333333333333
199.97,0.3,3.82,9.19,37.24,95.0,23.6,19.97,44.62,47.046666666666674,-37.46666666666666
200.01,0.25,2.81,9.53,37.24,95.0,23.6,19.86,45.68,45.42000000000001,-43.906666666666666
200.05,0.33,2.61,9.33,37.24,95.0,23.6,20.21,45.32,44.20000000000001,-49.13999999999999
200.09,0.19,1.69,9.28,37.24,95.0,23.6,20.09,46.04,39.716666666666676,-53.56999999999999
200.13,0.31,1.88,8.99,37.24,95.0,23.6,20.44,45.32,38.08666666666667,-53.97333333333333
200.17,0.35,3.0,9.43,37.24,95.0,23.6,20.21,44.97,32.38333333333334,-51.56
200.21,0.76,2.7,9.28,37.24,95.0,23.6,20.09,46.04,28.72000000000001,-50.35
200.25,-0.4,2.54,8.32,37.24,95.0,23.6,20.56,44.28,22.200000000000006,-46.72666666666667
200.29,0.06,0.26,8.32,37.24,95.0,23.6,19.62,45.68,18.126666666666672,-41.49333333333333
200.33,0.1,0.77,8.93,37.24,95.0,23.6,20.32,44.62,12.42333333333334,-33.44333333333333
200.37,0.88,0.76,9.5,37.24,95.0,23.6,20.32,46.04,5.906666666666673,-25.793333333333333
200.41,0.28,0.31,8.88,37.24,95.0,23.6,20.09,46.04,-2.649999999999993,-16.93333333333333
200.45,0.48,-1.04,9.17,37.24,95.0,23.6,19.97,46.04,-10.393333333333326,-6.4633333333333285
200.49,0.04,-1.73,8.89,37.24,95.0,23.6,19.74,45.32,-20.579999999999995,6.420000000000005
200.53,0.17,-2.17,8.86,37.24,95.0,23.6,20.32,44.62,-28.319999999999993,17.69333333333334
200.57,-0.0,-1.36,8.8,37.24,95.0,23.6,20.44,43.94,-38.91,28.563333333333336
200.61,0.81,-2.72,9.29,37.24,95.0,23.6,19.86,46.04,-45.83333333333332,37.01666666666667
200.65,0.83,-3.2,9.24,37.24,95.0,23.6,19.97,44.97,-54.386666666666656,43.45666666666667
200.69,0.39,-3.82,8.86,37.24,95.0,23.6,19.86,46.04,-59.68333333333333,46.27333333333333
200.73,0.2,-4.34,9.61,37.24,95.0,23.6,20.44,44.62,-61.72,47.88333333333333
200.77,0.01,-3.55,8.93,37.24,95.0,23.6,20.09,44.62,-62.53666666666666,50.30000000000001
200.81,0.66,-3.87,9.25,37.24,95.0,23.6,20.44,44.28,-61.31333333333333,50.70333333333334
200.85,0.49,-3.53,8.96,37.24,95.0,23.6,19.39,45.68,-58.056666666666665,51.913333333333334
200.89,0.32,-2.91,8.65,37.24,95.0,23.6,20.32,45.32,-51.129999999999995,49.49666666666667
200.93,0.37,-2.99,8.56,37.24,95.0,23.6,20.56,44.62,-40.94666666666666,51.10666666666666
200.97,0.26,-3.19,8.82,37.24,95.0,23.6,19.97,45.32,-29.129999999999992,49.093333333333334
201.01,0.28,-3.44,8.98,37.24,95.0,23.6,19.86,46.04,-17.723333333333326,49.49666666666667
201.05,0.13,-1.83,8.99,37.24,95.0,23.6,19.74,45.32,-7.539999999999992,45.07
201.09,0.31,-0.92,8.29,37.24,95.0,23.6,20.09,45.32,-0.2066666666666596,41.043333333333344
201.13,0.49,-1.04,8.92,37.24,95.0,23.6,18.68,44.62,9.570000000000007,36.61333333333334
201.17,0.05,-1.45,9.23,37.24,95.0,23.6,20.09,44.62,18.94000000000001,32.18333333333334
201.21,-0.09,-1.73,9.17,37.24,95.0,23.6,19.62,45.32,26.270000000000007,28.560000000000002
201.25,0.05,-1.04,9.03,37.24,95.0,23.6,19.86,46.04,31.566666666666677,22.52333333333334
201.29,0.18,-0.33,9.11,37.24,95.0,23.6,19.97,43.28,36.45666666666668,16.080000000000002
201.33,0.27,0.62,9.06,37.24,95.0,23.6,20.21,44.97,42.57000000000001,8.430000000000005
201.37,0.32,0.81,9.37,37.24,95.0,23.6,20.09,46.04,47.863333333333344,-0.429999999999995
201.41,0.33,0.74,9.02,37.24,95.0,23.6,19.39,46.04,50.30666666666668,-6.869999999999995
201.45,-0.23,0.32,9.34,37.24,95.0,23.6,19.62,45.68,52.34333333333334,-13.71333333333333
201.49,-0.38,0.42,9.72,37.24,95.0,23.6,20.56,44.62,53.56666666666667,-20.153333333333332
201.53,-0.03,1.89,9.09,37.24,95.0,23.6,20.32,46.04,51.93666666666667,-27.803333333333327
201.57,0.31,2.96,9.56,37.24,95.0,23.6,19.97,44.28,50.30666666666667,-37.46666666666666
201.61,0.34,3.01,9.31,37.24,95.0,23.6,19.62,44.97,47.863333333333344,-43.50666666666666
201.65,0.17,2.65,9.47,37.24,95.0,23.6,20.44,44.28,46.23666666666668,-49.94666666666666
201.69,0.24,1.33,9.41,37.24,95.0,23.6,19.62,46.04,42.97666666666667,-51.96
201.73,0.15,1.93,9.21,37.24,95.0,23.6,20.44,44.28,38.08666666666667,-55.18
201.77,0.41,2.7,9.33,37.24,95.0,23.6,19.97,45.68,34.42000000000001,-53.97333333333333
201.81,0.53,3.79,9.17,37.24,95.0,23.6,20.32,45.68,29.533333333333342,-52.36333333333332
201.85,0.56,2.22,8.85,37.24,95.0,23.6,19.39,44.97,24.23666666666668,-47.53333333333333
201.89,0.15,0.74,9.38,37.24,95.0,23.6,20.32,45.32,20.16000000000001,-41.89666666666666
201.93,0.13,0.46,9.43,37.24,95.0,23.6,19.86,46.04,13.64000000000001,-35.04999999999999
201.97,0.1,0.62,8.9,37.24,95.0,23.6,19.97,44.28,8.346666666666676,-28.20333333333333
202.01,0.23,0.54,9.21,37.24,95.0,23.6,20.56,44.28,-1.4299999999999908,-18.539999999999996
202.05,0.09,-0.1,8.85,37.24,95.0,23.6,20.79,45.32,-9.576666666666659,-6.866666666666663
202.09,-0.01,-1.21,8.86,37.24,95.0,23.6,19.86,46.04,-20.983333333333324,6.016666666666672
202.13,0.29,-2.02,8.88,37.24,95.0,23.6,20.79,45.68,-27.906666666666656,14.87333333333334
202.17,0.1,-1.88,8.14,37.24,95.0,23.6,20.21,44.28,-37.27666666666666,24.13333333333334
202.21,0.57,-2.91,8.94,37.24,95.0,23.6,20.9,44.28,-44.20333333333332,30.57333333333334
202.25,0.01,-2.36,7.74,37.24,95.0,23.6,19.97,44.62,-50.72333333333332,38.223333333333336
202.29,-0.25,-3.35,9.49,37.24,95.0,23.6,19.51,45.68,-54.79666666666666,43.05666666666667
202.33,0.11,-3.3,8.47,37.24,95.0,23.6,20.09,45.32,-56.426666666666655,48.29
202.37,-0.05,-3.73,8.45,37.24,95.0,23.6,20.9,44.62,-60.49999999999999,51.10666666666666
202.41,0.16,-3.91,9.23,37.24,95.0,23.6,19.74,45.32,-60.09333333333333,52.31333333333333
202.45,0.27,-3.03,9.2,37.24,95.0,23.6,19.74,44.62,-57.23999999999999,51.910000000000004
202.49,0.02,-2.33,9.01,37.24,95.0,23.6,19.74,46.04,-51.129999999999995,52.71666666666667
202.53,0.45,-2.85,8.99,37.24,95.0,23.6,19.86,45.32,-42.576666666666654,51.10666666666666
202.57,0.07,-3.74,9.29,37.24,95.0,23.6,20.09,44.97,-31.986666666666654,50.70666666666667
202.61,0.21,-3.45,9.04,37.24,95.0,23.6,20.21,45.68,-20.16999999999999,49.49666666666667
202.65,0.16,-2.4,9.19,37.24,95.0,23.6,20.9,44.62,-10.79999999999999,49.09333333333334
202.69,0.58,-1.49,8.89,37.24,95.0,23.6,20.21,45.68,-3.0599999999999903,47.080000000000005
202.73,0.23,-0.94,9.1,37.24,95.0,23.6,17.97,45.68,4.270000000000009,42.653333333333336
202.77,0.25,-0.79,8.7,37.24,95.0,23.6,19.62,46.04,12.01000000000001,37.01666666666667
202.81,0.38,-1.25,8.67,37.24,95.0,23.6,20.56,44.28,19.343333333333344,31.783333333333335
202.85,0.28,-1.23,9.19,37.24,95.0,23.6,20.56,44.62,29.123333333333346,25.74333333333334
202.89,0.25,-0.62,9.15,37.24,95.0,23.6,20.44,44.28,37.68000000000001,18.496666666666673
202.93,0.31,0.4,9.08,37.24,95.0,23.6,20.44,44.28,45.42000000000001,8.833333333333337
202.97,0.59,0.95,9.38,37.24,95.0,23.6,18.33,44.97,48.67666666666668,0.38000000000000494
203.01,0.44,0.84,9.12,37.24,95.0,23.6,19.86,46.04,51.12,-6.866666666666663
203.05,0.57,0.4,8.46,37.24,95.0,23.6,20.09,46.04,52.34333333333334,-13.309999999999993
203.09,0.37,0.75,9.03,37.24,95.0,23.6,20.32,44.62,53.160000000000004,-20.55666666666666
203.13,0.35,1.31,8.87,37.24,95.0,23.6,20.44,45.68,52.34666666666667,-28.609999999999996
203.17,0.14,2.67,9.2,37.24,95.0,23.6,19.74,45.68,51.12333333333334,-35.04999999999999
203.21,0.24,3.22,9.23,37.24,95.0,23.6,20.79,46.78,49.90000000000001,-43.10333333333333
203.25,0.17,3.1,9.22,37.24,95.0,23.6,19.39,46.41,49.08333333333334,-47.126666666666665
203.29,0.16,1.99,9.05,37.24,95.0,23.6,19.62,46.04,44.19666666666668,-51.556666666666665
203.33,0.13,1.93,8.83,37.24,95.0,23.6,20.44,45.68,38.49333333333334,-51.15333333333333
203.37,0.14,2.69,9.19,37.24,95.0,23.6,20.44,44.62,34.42000000000001,-51.15333333333333
203.41,0.42,3.28,9.19,37.24,95.0,23.6,20.32,46.78,31.566666666666674,-50.34666666666666
203.45,0.64,2.41,9.16,37.24,95.0,23.6,19.86,46.04,27.49333333333334,-48.73666666666666
203.49,0.37,1.84,8.38,37.24,95.0,23.6,19.39,45.68,21.383333333333344,-44.309999999999995
203.53,0.35,1.29,9.09,37.24,95.0,23.6,19.97,44.28,16.496666666666677,-39.07666666666666
203.57,0.01,0.48,9.55,37.24,95.0,23.6,20.21,44.28,9.976666666666675,-29.816666666666663
203.61,0.14,0.63,9.05,37.24,95.0,23.6,20.44,44.62,4.273333333333343,-20.55666666666666
203.65,0.42,0.23,9.01,37.24,95.0,23.6,20.56,44.62,-5.506666666666658,-6.869999999999995
203.69,0.34,-1.5,8.96,37.24,95.0,23.6,20.09,44.62,-14.059999999999993,4.000000000000004
203.73,0.2,-1.77,8.83,37.24,95.0,23.6,20.21,45.68,-25.05999999999999,14.870000000000005
203.77,0.44,-2.38,9.37,37.24,95.0,23.6,19.86,46.04,-32.38999999999999,22.923333333333336
203.81,0.21,-2.13,8.62,37.24,95.0,23.6,20.21,45.68,-39.31666666666666,29.76666666666667
203.85,0.32,-2.37,8.45,37.24,95.0,23.6,20.09,46.41,-45.426666666666655,34.19666666666668
203.89,0.41,-3.62,10.46,37.24,95.0,23.6,19.39,45.32,-53.98333333333332,39.03
203.93,-0.03,-3.46,8.53,37.24,95.0,23.6,19.86,46.04,-61.316666666666656,43.86333333333334
203.97,-0.05,-4.24,9.03,37.24,95.0,23.6,20.44,44.62,-65.79666666666667,49.50000000000001
204.01,0.03,-3.62,9.06,37.24,95.0,23.6,19.39,46.04,-66.20333333333333,53.52333333333333
204.05,0.21,-3.47,9.12,37.24,95.0,23.6,23.2,44.62,-63.349999999999994,54.326666666666675
204.09,0.28,-3.2,9.33,37.24,95.0,23.6,20.09,45.32,-55.60999999999999,53.116666666666674
204.13,0.35,-3.74,9.49,37.24,95.0,23.6,19.62,46.04,-46.23999999999999,51.10333333333333
204.17,0.24,-3.36,9.28,37.24,95.0,23.6,19.62,45.68,-34.426666666666655,51.50666666666667
204.21,0.24,-3.27,9.15,37.24,95.0,23.6,20.32,44.62,-23.019999999999992,51.106666666666676
204.25,0.24,-2.84,9.12,37.24,95.0,23.6,20.09,45.32,-10.393333333333324,48.693333333333335
204.29,0.52,-2.02,9.02,37.24,95.0,23.6,19.62,46.04,-2.2466666666666573,44.666666666666664
204.33,0.42,-1.29,9.31,37.24,95.0,23.6,20.44,44.62,4.676666666666676,41.84666666666667
204.37,0.11,-0.85,8.87,37.24,95.0,23.6,20.21,44.28,9.973333333333342,38.223333333333336
204.41,0.39,-1.04,8.82,37.24,95.0,23.6,20.67,44.62,18.53000000000001,32.58666666666667
204.45,0.19,-1.18,9.09,37.24,95.0,23.6,20.56,46.04,26.680000000000007,25.340000000000003
204.49,0.1,-0.55,8.93,37.24,95.0,23.6,19.74,46.04,33.606666666666676,18.896666666666672
204.53,0.23,-0.11,9.11,37.24,95.0,23.6,19.62,44.62,42.160000000000004,10.846666666666673
204.57,0.26,0.52,9.13,37.24,95.0,23.6,19.39,45.32,47.04666666666668,2.3933333333333384
204.61,0.27,1.04,8.93,37.24,95.0,23.6,20.09,46.04,51.52666666666667,-6.4633333333333285
204.65,-0.33,0.67,9.2,37.24,95.0,23.6,20.79,46.04,51.12,-13.309999999999993
204.69,0.03,1.13,8.95,37.24,95.0,23.6,20.21,44.28,50.30666666666667,-19.349999999999994
204.73,0.46,1.07,8.47,37.24,95.0,23.6,20.9,44.62,49.08666666666667,-26.193333333333328
204.77,0.42,1.85,9.32,37.24,95.0,23.6,20.32,45.32,49.49333333333334,-31.829999999999995
204.81,0.24,2.94,9.33,37.24,95.0,23.6,21.82,44.28,50.30666666666667,-40.283333333333324
204.85,0.36,2.87,9.59,37.24,95.0,23.6,20.21,44.28,47.860000000000014,-44.31
204.89,-0.03,2.51,9.27,37.24,95.0,23.6,20.09,44.62,45.41666666666668,-48.333333333333336
204.93,0.15,1.34,9.49,37.24,95.0,23.6,20.44,43.28,42.160000000000004,-49.54333333333333
204.97,0.24,2.02,9.16,37.24,95.0,23.6,20.56,46.04,38.90333333333334,-51.15333333333333
205.01,0.43,3.31,9.07,37.24,95.0,23.6,19.62,45.68,32.793333333333344,-50.75333333333333
205.05,0.25,3.32,9.24,37.24,95.0,23.6,20.09,46.04,27.090000000000007,-50.75333333333333
205.09,0.01,1.44,9.27,37.24,95.0,23.6,20.32,44.97,23.01333333333334,-47.93666666666666
205.13,0.29,0.52,8.71,37.24,95.0,23.6,20.32,46.04,18.533333333333342,-43.103333333333325
205.17,0.7,-0.41,10.06,37.24,95.0,23.6,19.86,46.04,11.20000000000001,-31.83
205.21,0.23,0.86,9.14,37.24,95.0,23.6,20.32,46.04,3.053333333333343,-20.55666666666666
205.25,0.64,0.35,9.19,37.24,95.0,23.6,20.44,44.28,-5.096666666666658,-10.493333333333329
205.29,0.25,-0.99,9.05,37.24,95.0,23.6,19.62,46.04,-14.46666666666666,-0.4266666666666623
205.33,0.15,-1.96,9.02,37.24,95.0,23.6,20.56,46.04,-23.42999999999999,8.030000000000005
205.37,0.26,-2.35,8.81,37.24,95.0,23.6,19.62,46.04,-34.01999999999999,18.500000000000004
205.41,-0.09,-2.1,8.77,37.24,95.0,23.6,20.21,44.97,-41.75999999999999,25.746666666666673
205.45,0.59,-2.19,8.9,37.24,95.0,23.6,20.09,44.62,-47.46333333333333,33.796666666666674
205.49,0.41,-2.05,8.3,37.24,95.0,23.6,20.09,44.62,-52.353333333333325,40.64000000000001
205.53,0.83,-3.83,9.75,37.24,95.0,23.6,19.86,45.32,-57.24333333333332,45.06666666666667
205.57,0.38,-3.84,9.03,37.24,95.0,23.6,19.74,44.97,-63.353333333333325,48.690000000000005
205.61,0.23,-3.68,8.92,37.24,95.0,23.6,21.02,45.32,-66.61333333333333,51.50666666666667
205.65,0.03,-3.43,9.09,37.24,95.0,23.6,19.97,44.28,-64.98333333333333,52.71666666666667
205.69,0.41,-3.24,8.94,37.24,95.0,23.6,20.21,46.41,-57.24333333333332,52.31333333333333
205.73,0.36,-3.15,8.65,37.24,95.0,23.6,19.86,46.04,-47.46333333333333,50.70333333333334
205.77,0.28,-3.14,8.65,37.24,95.0,23.6,20.09,46.04,-37.279999999999994,49.89666666666667
205.81,0.27,-3.65,9.01,37.24,95.0,23.6,20.67,44.28,-28.31666666666666,48.28666666666667
205.85,0.14,-2.78,8.76,37.24,95.0,23.6,20.44,44.62,-16.096666666666657,46.27333333333333
205.89,0.16,-1.87,9.05,37.24,95.0,23.6,19.51,46.41,-3.8733333333333237,43.05333333333334
205.93,0.32,-0.88,9.04,37.24,95.0,23.6,20.21,44.28,5.496666666666677,41.443333333333335
205.97,0.2,-0.69,8.8,37.24,95.0,23.6,20.09,44.62,13.236666666666677,38.223333333333336
206.01,0.36,-1.18,9.12,37.24,95.0,23.6,17.49,45.68,18.533333333333342,35.80666666666667
206.05,0.2,-1.16,9.15,37.24,95.0,23.6,19.39,46.04,25.05000000000001,28.560000000000006
206.09,0.11,-0.83,9.13,37.24,95.0,23.6,19.86,46.04,30.346666666666675,20.50666666666667
206.13,0.22,-0.15,9.1,37.24,95.0,23.6,20.56,44.28,37.27000000000001,13.66333333333334
206.17,0.42,0.33,9.22,37.24,95.0,23.6,19.86,46.04,43.79000000000001,6.416666666666671
206.21,0.16,0.71,9.38,37.24,95.0,23.6,20.9,44.28,49.49333333333334,-2.0366666666666617
206.25,-0.06,0.46,9.76,37.24,95.0,23.6,20.9,44.62,51.53000000000001,-10.893333333333329
206.29,0.47,0.63,9.21,37.24,95.0,23.6,19.62,47.92,51.123333333333335,-17.33333333333333
206.33,0.07,1.06,9.84,37.24,95.0,23.6,19.04,44.62,47.863333333333344,-22.969999999999995
206.37,0.62,1.71,9.51,37.24,95.0,23.6,19.62,45.32,45.826666666666675,-28.606666666666666
206.41,0.35,3.27,9.41,37.24,95.0,23.6,20.44,44.62,45.826666666666675,-35.85666666666666
206.45,0.23,2.97,9.31,37.24,95.0,23.6,20.44,44.62,46.643333333333345,-40.68666666666666
206.49,0.29,2.52,9.28,37.24,95.0,23.6,20.09,44.28,44.606666666666676,-47.129999999999995
206.53,-0.07,1.7,9.55,37.24,95.0,23.6,19.97,44.28,40.12333333333334,-49.54333333333333
206.57,0.36,2.0,9.47,37.24,95.0,23.6,19.86,46.04,35.23333333333334,-52.36333333333332
206.61,0.48,2.94,9.35,37.24,95.0,23.6,19.86,45.68,32.38333333333334,-53.166666666666664
206.65,0.46,3.53,9.5,37.24,95.0,23.6,19.62,46.04,28.71666666666668,-52.36333333333332
206.69,0.48,1.06,9.26,37.24,95.0,23.6,20.09,46.04,24.643333333333345,-49.94666666666666
206.73,-0.21,0.76,10.02,37.24,95.0,23.6,20.44,45.68,17.71666666666668,-42.699999999999996
206.77,0.3,0.41,9.25,37.24,95.0,23.6,19.39,45.68,12.013333333333343,-33.839999999999996
206.81,0.72,0.69,9.54,37.24,95.0,23.6,20.9,45.68,3.4566666666666763,-22.97
206.85,0.44,0.74,9.28,37.24,95.0,23.6,20.32,45.68,-3.8766666666666567,-14.516666666666664
206.89,0.18,-0.41,8.84,37.24,95.0,23.6,20.21,44.28,-13.246666666666657,-4.453333333333329
206.93,0.15,-1.56,8.89,37.24,95.0,23.6,19.15,46.04,-22.20666666666666,5.210000000000004
206.97,0.07,-1.92,8.84,37.24,95.0,23.6,20.09,45.32,-29.133333333333326,16.88666666666667
207.01,0.35,-1.87,8.76,37.24,95.0,23.6,20.44,44.62,-36.05666666666665,26.146666666666675
207.05,0.91,-2.43,8.74,37.24,95.0,23.6,19.62,46.04,-43.79666666666666,35.00333333333334
207.09,0.78,-2.67,9.64,37.24,95.0,23.6,19.74,44.28,-51.536666666666655,41.043333333333344
207.13,0.51,-3.66,9.15,37.24,95.0,23.6,20.21,45.68,-56.426666666666655,44.666666666666664
207.17,0.14,-4.17,9.08,37.24,95.0,23.6,19.86,44.62,-57.649999999999984,47.48333333333334
207.21,0.01,-3.78,9.65,37.24,95.0,23.6,20.09,45.32,-59.27666666666665,49.09333333333334
207.25,0.23,-3.9,8.87,37.24,95.0,23.6,20.67,45.68,-60.08999999999998,51.913333333333334
207.29,0.18,-3.38,9.28,37.24,95.0,23.6,19.86,44.97,-56.82999999999999,51.913333333333334
207.33,0.52,-2.79,8.83,37.24,95.0,23.6,20.32,46.04,-51.12666666666666,51.51000000000001
207.37,0.18,-3.0,8.5,37.24,95.0,23.6,20.09,46.04,-40.94333333333332,48.28666666666667
207.41,0.23,-3.54,9.0,37.24,95.0,23.6,21.48,45.68,-31.98333333333332,47.080000000000005
207.45,0.16,-3.39,8.9,37.24,95.0,23.6,20.67,46.04,-18.133333333333322,45.470000000000006
207.49,0.22,-2.15,9.08,37.24,95.0,23.6,21.36,44.62,-8.763333333333321,44.666666666666664
207.53,0.07,-1.24,9.4,37.24,95.0,23.6,17.37,44.62,1.423333333333345,43.05666666666667
207.57,0.46,-0.75,9.1,37.24,95.0,23.6,19.39,45.32,8.346666666666678,38.223333333333336
207.61,0.64,-1.42,9.34,37.24,95.0,23.6,19.86,45.68,15.680000000000012,33.39000000000001
207.65,0.35,-1.49,9.2,37.24,95.0,23.6,19.62,46.04,22.196666666666676,27.350000000000005
207.69,0.05,-0.98,8.99,37.24,95.0,23.6,20.44,44.62,29.530000000000012,24.130000000000006
207.73,0.2,-0.2,9.0,37.24,95.0,23.6,20.21,46.04,36.86333333333335,18.896666666666672
207.77,0.25,0.7,9.05,37.24,95.0,23.6,20.09,46.04,42.566666666666684,10.846666666666673
207.81,0.4,1.09,8.99,37.24,95.0,23.6,20.21,44.28,47.05000000000001,1.9900000000000049
207.85,0.18,0.58,8.75,37.24,95.0,23.6,19.86,46.04,50.30666666666668,-6.059999999999995
207.89,0.13,0.77,8.54,37.24,95.0,23.6,17.37,45.68,51.93666666666669,-13.306666666666663
207.93,0.05,0.86,9.31,37.24,95.0,23.6,20.21,44.97,50.30666666666668,-20.956666666666663
207.97,-0.36,1.67,8.99,37.24,95.0,23.6,20.21,43.61,49.90000000000001,-30.619999999999994
208.01,0.42,3.22,9.05,37.24,95.0,23.6,19.62,46.04,48.27000000000001,-38.269999999999996
208.05,0.15,3.27,9.26,37.24,95.0,23.6,19.39,44.97,47.45333333333335,-45.11333333333332
208.09,0.23,2.71,9.41,37.24,95.0,23.6,20.56,46.04,44.19666666666668,-48.73666666666666
208.13,0.26,1.75,8.95,37.24,95.0,23.6,20.44,44.28,42.566666666666684,-52.76333333333333
208.17,0.12,1.98,8.98,37.24,95.0,23.6,18.45,47.92,38.08666666666668,-53.166666666666664
208.21,0.24,2.87,9.25,37.24,95.0,23.6,20.56,44.28,34.01000000000001,-52.76333333333333
208.25,0.11,3.77,9.02,37.24,95.0,23.6,19.97,44.28,30.343333333333348,-51.96
208.29,0.02,2.16,8.77,37.24,95.0,23.6,19.97,44.62,26.67666666666668,-48.336666666666666
208.33,-0.06,1.18,9.56,37.24,95.0,23.6,17.97,45.32,22.603333333333342,-45.52
208.37,-0.03,0.77,8.72,37.24,95.0,23.6,19.74,44.97,14.45666666666668,-35.85666666666666
208.41,0.08,0.84,8.85,37.24,95.0,23.6,19.86,45.32,7.123333333333346,-29.013333333333332
208.45,0.32,0.69,8.92,37.24,95.0,23.6,20.09,44.62,-0.20999999999998575,-16.533333333333328
208.49,0.23,-0.28,9.14,37.24,95.0,23.6,19.97,44.28,-8.76333333333332,-7.273333333333329
208.53,-0.26,-0.92,8.85,37.24,95.0,23.6,21.02,44.97,-18.539999999999985,3.5966666666666716
208.57,0.65,-1.7,8.85,37.24,95.0,23.6,19.39,45.32,-27.909999999999986,11.246666666666671
208.61,0.29,-2.4,9.06,37.24,95.0,23.6,20.67,44.28,-35.649999999999984,20.10333333333334
208.65,1.05,-3.42,9.31,37.24,95.0,23.6,20.21,44.28,-42.98333333333332,30.170000000000005
208.69,0.13,-2.94,8.92,37.24,95.0,23.6,20.9,44.62,-51.536666666666655,37.82
208.73,-0.15,-3.18,9.44,37.24,95.0,23.6,20.56,45.32,-55.613333333333316,44.26333333333334
208.77,0.32,-3.65,9.18,37.24,95.0,23.6,20.21,44.97,-60.49999999999999,46.68000000000001
208.81,0.48,-4.29,8.63,37.24,95.0,23.6,19.62,45.68,-62.94333333333333,51.51000000000001
208.85,0.34,-4.53,9.62,37.24,95.0,23.6,20.44,44.62,-64.16333333333331,53.92666666666668
208.89,0.38,-3.55,9.21,37.24,95.0,23.6,20.21,44.28,-60.49666666666666,56.34000000000001
208.93,0.17,-2.87,9.28,37.24,95.0,23.6,20.44,44.28,-51.53666666666666,52.71666666666667
208.97,0.54,-3.21,9.05,37.24,95.0,23.6,19.39,44.97,-42.16666666666666,50.30000000000001
209.01,0.34,-2.87,8.65,37.24,95.0,23.6,20.56,44.62,-29.133333333333326,47.88666666666668
209.05,0.26,-3.12,8.96,37.24,95.0,23.6,20.44,44.62,-19.353333333333325,49.09666666666667
209.09,0.16,-2.3,9.02,37.24,95.0,23.6,19.39,46.04,-9.169999999999991,48.29
209.13,0.35,-1.84,9.15,37.24,95.0,23.6,20.21,45.68,0.20000000000000936,45.873333333333335
209.17,0.66,-1.2,9.01,37.24,95.0,23.6,20.32,45.68,7.530000000000009,40.64000000000001
209.21,0.18,-0.97,9.04,37.24,95.0,23.6,20.44,45.68,14.863333333333344,36.21333333333334
209.25,-0.01,-1.29,8.66,37.24,95.0,23.6,20.09,46.41,21.79000000000001,28.563333333333336
209.29,0.17,-1.3,8.92,37.24,95.0,23.6,19.97,44.28,29.94000000000001,22.120000000000005
209.33,0.17,-0.48,8.99,37.24,95.0,23.6,22.97,44.28,38.49333333333334,14.87333333333334
209.37,0.34,0.54,9.28,37.24,95.0,23.6,20.44,44.62,44.19666666666668,10.443333333333337
209.41,0.01,1.18,9.25,37.24,95.0,23.6,20.67,46.04,50.30666666666667,4.403333333333339
209.45,0.43,0.65,9.21,37.24,95.0,23.6,20.44,44.62,52.75333333333334,-2.4433333333333285
209.49,0.28,0.23,9.48,37.24,95.0,23.6,19.27,46.04,52.75333333333334,-10.089999999999995
209.53,0.19,0.19,9.3,37.24,95.0,23.6,20.32,46.04,50.716666666666676,-18.139999999999997
209.57,0.16,1.84,8.93,37.24,95.0,23.6,21.82,44.28,48.68000000000001,-26.99666666666666
209.61,0.36,2.37,9.66,37.24,95.0,23.6,20.09,46.04,47.05000000000001,-34.64666666666666
209.65,0.23,3.35,9.38,37.24,95.0,23.6,20.56,44.97,45.826666666666675,-41.49333333333333
209.69,0.2,2.68,9.67,37.24,95.0,23.6,19.74,44.28,43.79,-45.11666666666667
209.73,0.15,1.72,9.45,37.24,95.0,23.6,19.97,44.28,41.75333333333334,-50.75333333333333
209.77,0.22,1.29,9.45,37.24,95.0,23.6,20.67,46.04,39.31000000000001,-52.76666666666666
209.81,0.1,2.38,9.6,37.24,95.0,23.6,20.21,45.68,38.49333333333334,-54.78
209.85,0.26,3.39,9.19,37.24,95.0,23.6,19.62,45.68,35.64333333333334,-52.76666666666666
209.89,0.27,2.31,9.24,37.24,95.0,23.6,20.9,46.41,29.533333333333342,-47.93333333333334
209.93,0.29,0.94,9.73,37.24,95.0,23.6,20.09,45.68,23.423333333333343,-41.893333333333324
209.97,-0.08,1.0,9.42,37.24,95.0,23.6,19.97,43.94,16.496666666666673,-35.453333333333326
210.01,0.24,0.62,9.29,37.24,95.0,23.6,20.09,45.32,11.200000000000008,-30.219999999999995
210.05,0.23,0.74,9.23,37.24,95.0,23.6,19.51,45.68,1.8300000000000072,-20.959999999999994
210.09,0.25,-0.1,8.97,37.24,95.0,23.6,19.97,44.28,-5.909999999999993,-12.10333333333333
210.13,0.38,-1.61,9.05,37.24,95.0,23.6,20.32,46.04,-16.503333333333327,-1.636666666666662
210.17,0.71,-1.99,9.21,37.24,95.0,23.6,20.09,46.04,-24.649999999999995,6.013333333333338
210.21,0.58,-2.01,9.14,37.24,95.0,23.6,20.09,48.32,-32.79666666666666,15.676666666666671
210.25,0.94,-1.86,7.95,37.24,95.0,23.6,20.44,44.28,-40.53666666666666,24.13333333333334
210.29,0.26,-3.0,9.29,37.24,95.0,23.6,17.97,46.04,-49.49999999999999,33.39333333333334
210.33,0.01,-2.54,8.64,37.24,95.0,23.6,20.44,44.28,-57.23999999999999,40.64000000000001
210.37,0.18,-4.24,9.41,37.24,95.0,23.6,19.86,46.04,-61.72,47.88666666666668
210.41,0.45,-4.29,8.9,37.24,95.0,23.6,20.09,46.04,-63.349999999999994,51.10666666666666
210.45,0.36,-4.08,9.48,37.24,95.0,23.6,19.62,46.04,-63.75999999999999,55.13333333333335
210.49,0.21,-3.79,9.49,37.24,95.0,23.6,20.79,45.68,-60.09333333333333,54.73000000000001
210.53,0.36,-3.29,9.46,37.24,95.0,23.6,20.44,44.28,-55.203333333333326,53.52333333333334
210.57,0.41,-3.2,9.31,37.24,95.0,23.6,19.86,45.32,-45.833333333333336,49.900000000000006
210.61,0.37,-2.75,8.69,37.24,95.0,23.6,20.44,45.68,-34.42666666666667,48.693333333333335
210.65,0.19,-3.3,9.34,37.24,95.0,23.6,20.56,44.28,-23.019999999999996,48.693333333333335
210.69,0.3,-2.42,8.84,37.24,95.0,23.6,19.39,46.04,-14.46333333333333,47.08333333333334
210.73,0.21,-1.63,9.02,37.24,95.0,23.6,20.32,46.04,-7.1299999999999955,43.46000000000001
210.77,0.43,-1.01,9.23,37.24,95.0,23.6,20.79,44.62,1.0166666666666717,39.433333333333344
210.81,-0.09,-1.18,8.94,37.24,95.0,23.6,20.32,46.04,10.386666666666672,35.81000000000001
210.85,-0.23,-1.62,8.99,37.24,95.0,23.6,20.79,44.62,18.53333333333334,31.783333333333342
210.89,-0.11,-1.27,8.88,37.24,95.0,23.6,19.51,45.68,27.49666666666667,26.950000000000006
210.93,0.11,-0.42,8.92,37.24,95.0,23.6,19.62,45.68,34.42000000000001,21.71666666666668
210.97,0.41,0.48,9.15,37.24,95.0,23.6,18.92,45.32,41.75333333333334,12.860000000000007
211.01,0.32,0.75,9.22,37.24,95.0,23.6,20.44,44.28,46.23333333333334,3.600000000000007
211.05,0.45,0.57,9.34,37.24,95.0,23.6,19.27,44.28,49.086666666666666,-4.049999999999993
211.09,0.17,0.12,9.37,37.24,95.0,23.6,20.21,45.68,50.30666666666667,-8.883333333333326
211.13,0.0,-0.11,9.6,37.24,95.0,23.6,19.51,44.28,51.53,-15.323333333333325
211.17,0.14,0.98,9.43,37.24,95.0,23.6,20.21,44.62,53.160000000000004,-24.179999999999993
211.21,0.24,2.17,9.42,37.24,95.0,23.6,21.48,46.04,50.71666666666667,-32.23
211.25,0.34,3.36,9.26,37.24,95.0,23.6,23.08,46.41,49.900000000000006,-39.47666666666667
211.29,0.2,2.82,9.48,37.24,95.0,23.6,19.74,45.68,48.27,-46.32333333333332
211.33,0.28,1.7,9.27,37.24,95.0,23.6,19.86,46.04,46.64000000000001,-50.349999999999994
211.37,0.1,1.81,9.1,37.24,95.0,23.6,20.09,44.62,43.79,-51.95999999999999
211.41,0.1,2.38,9.41,37.24,95.0,23.6,20.09,46.04,38.49333333333333,-52.76333333333332
211.45,0.41,3.2,9.15,37.24,95.0,23.6,20.79,45.32,36.45666666666667,-52.35999999999999
211.49,0.5,2.42,9.41,37.24,95.0,23.6,19.27,45.68,30.346666666666675,-49.54333333333332
211.53,-0.25,1.48,9.18,37.24,95.0,23.6,20.21,44.28,25.05,-42.69999999999999
211.57,-0.53,1.03,9.39,37.24,95.0,23.6,20.32,46.04,16.903333333333336,-36.25999999999999
211.61,-0.08,0.7,8.92,37.24,95.0,23.6,20.9,45.32,11.606666666666671,-29.013333333333325
211.65,0.16,0.4,8.86,37.24,95.0,23.6,19.74,44.28,3.053333333333338,-20.95999999999999
211.69,0.71,-0.08,9.25,37.24,95.0,23.6,20.79,46.04,-4.279999999999995,-12.90666666666666
211.73,0.4,-1.35,9.01,37.24,95.0,23.6,19.74,44.28,-15.686666666666662,-3.6466666666666594
211.77,0.28,-1.55,8.91,37.24,95.0,23.6,19.62,44.97,-23.426666666666662,6.820000000000007
211.81,0.08,-2.21,8.86,37.24,95.0,23.6,19.74,42.96,-33.60999999999999,15.676666666666675
211.85,-0.29,-2.38,9.07,37.24,95.0,23.6,20.09,46.04,-41.75999999999999,24.133333333333344
211.89,-0.37,-3.06,9.67,37.24,95.0,23.6,19.86,46.04,-50.31666666666666,31.38000000000001
211.93,-0.35,-2.48,7.71,37.24,95.0,23.6,21.13,45.68,-56.02,41.84666666666667
211.97,-0.13,-4.06,8.76,37.24,95.0,23.6,20.09,44.28,-61.723333333333336,47.88333333333335
212.01,-0.14,-3.99,8.91,37.24,95.0,23.6,20.32,46.04,-63.76,51.50666666666668
212.05,-0.08,-3.62,9.19,37.24,95.0,23.6,19.39,48.32,-65.79666666666667,52.31333333333334
212.09,-0.14,-3.38,9.23,37.24,95.0,23.6,20.09,46.04,-63.349999999999994,51.913333333333334
212.13,0.19,-3.19,9.41,37.24,95.0,23.6,19.86,46.04,-59.276666666666664,52.31666666666667
212.17,0.19,-3.7,9.59,37.24,95.0,23.6,19.74,44.62,-50.31666666666666,51.913333333333334
212.21,0.3,-3.76,9.38,37.24,95.0,23.6,19.97,46.04,-40.94666666666666,52.716666666666676
212.25,0.19,-3.51,8.97,37.24,95.0,23.6,20.32,46.04,-30.353333333333325,50.70333333333334
212.29,0.17,-2.87,9.31,37.24,95.0,23.6,20.56,46.04,-18.94666666666666,46.27333333333333
212.33,0.24,-1.8,9.18,37.24,95.0,23.6,19.15,46.04,-8.356666666666657,42.650000000000006
212.37,0.65,-1.42,9.28,37.24,95.0,23.6,20.09,45.32,3.456666666666676,38.62333333333334
212.41,0.26,-1.38,9.17,37.24,95.0,23.6,20.67,45.68,10.790000000000008,36.61333333333334
212.45,0.34,-1.52,8.98,37.24,95.0,23.6,20.44,44.62,20.160000000000007,32.99000000000001
212.49,0.35,-1.38,9.1,37.24,95.0,23.6,20.44,45.68,26.676666666666677,28.160000000000007
212.53,0.17,-0.82,9.05,37.24,95.0,23.6,20.67,44.62,33.19666666666668,21.313333333333343
212.57,0.3,0.07,9.06,37.24,95.0,23.6,18.92,44.62,40.53000000000001,12.860000000000007
212.61,0.45,0.57,8.99,37.24,95.0,23.6,20.21,44.97,44.19666666666668,6.820000000000007
212.65,0.14,0.83,9.19,37.24,95.0,23.6,20.44,44.28,48.27,-0.4266666666666599
212.69,-0.27,0.07,9.28,37.24,95.0,23.6,19.86,45.68,49.08333333333334,-8.479999999999993
212.73,0.15,0.27,8.73,37.24,95.0,23.6,19.62,44.97,51.936666666666675,-16.529999999999994
212.77,0.33,0.61,9.33,37.24,95.0,23.6,19.62,45.68,52.34333333333334,-23.37333333333333
212.81,0.37,2.15,9.04,37.24,95.0,23.6,20.09,44.62,52.34333333333334,-29.413333333333327
212.85,0.34,3.28,9.29,37.24,95.0,23.6,20.44,44.28,48.67666666666668,-37.46666666666666
212.89,0.2,3.02,9.31,37.24,95.0,23.6,19.62,46.04,46.23333333333335,-43.50666666666666
212.93,0.23,2.21,9.02,37.24,95.0,23.6,19.51,44.97,42.160000000000004,-48.74
212.97,0.17,1.41,9.33,37.24,95.0,23.6,20.21,43.28,41.753333333333345,-52.36333333333332
213.01,0.4,2.35,8.99,37.24,95.0,23.6,19.62,46.04,38.08666666666667,-54.376666666666665
213.05,0.3,3.39,9.18,37.24,95.0,23.6,20.09,46.04,34.830000000000005,-55.58333333333332
213.09,0.41,3.01,9.31,37.24,95.0,23.6,20.67,46.04,29.126666666666676,-52.36333333333332
213.13,0.14,1.03,9.36,37.24,95.0,23.6,20.09,46.04,24.23666666666668,-49.143333333333324
213.17,0.33,0.28,10.14,37.24,95.0,23.6,22.28,46.04,18.533333333333342,-41.89666666666667
213.21,0.63,1.31,8.72,37.24,95.0,23.6,20.44,44.28,11.20000000000001,-34.65
213.25,0.64,0.04,9.44,37.24,95.0,23.6,20.09,46.04,5.09000000000001,-26.193333333333328
213.29,0.53,0.57,9.25,37.24,95.0,23.6,20.09,46.04,-3.059999999999991,-18.139999999999997
213.33,0.2,-0.64,8.9,37.24,95.0,23.6,20.21,45.32,-12.023333333333325,-8.073333333333329
213.37,-0.06,-1.56,8.93,37.24,95.0,23.6,19.86,45.68,-21.393333333333327,1.5900000000000045
213.41,0.43,-1.82,9.09,37.24,95.0,23.6,20.44,46.41,-29.133333333333326,11.653333333333338
213.45,0.46,-1.59,9.2,37.24,95.0,23.6,20.09,46.04,-36.46666666666666,19.703333333333337
213.49,1.03,-2.37,9.43,37.24,95.0,23.6,19.86,46.04,-45.836666666666666,30.170000000000005
213.53,0.36,-3.55,9.85,37.24,95.0,23.6,20.44,44.28,-53.98333333333332,38.62666666666667
213.57,1.12,-3.95,8.91,37.24,95.0,23.6,19.86,47.92,-60.09333333333333,45.873333333333335
213.61,-0.0,-3.59,9.24,37.24,95.0,23.6,20.56,44.62,-61.72333333333332,50.30333333333334
213.65,0.32,-3.32,8.25,37.24,95.0,23.6,19.51,45.32,-62.12999999999999,53.120000000000005
213.69,0.14,-3.65,8.88,37.24,95.0,23.6,20.44,44.62,-60.90666666666666,55.13333333333333
213.73,0.41,-3.37,9.03,37.24,95.0,23.6,20.21,45.32,-56.833333333333336,52.71666666666667
213.77,0.31,-3.47,9.46,37.24,95.0,23.6,20.56,46.41,-50.31666666666666,52.71666666666667
213.81,0.19,-3.75,9.35,37.24,95.0,23.6,20.32,45.32,-41.76333333333333,49.093333333333334
213.85,0.21,-3.35,8.82,37.24,95.0,23.6,19.74,44.28,-32.393333333333324,48.69
213.89,0.05,-3.13,9.04,37.24,95.0,23.6,19.74,46.04,-23.023333333333323,46.27333333333333
213.93,0.47,-2.18,9.23,37.24,95.0,23.6,19.39,45.32,-12.836666666666657,44.663333333333334
213.97,0.54,-1.61,9.24,37.24,95.0,23.6,20.44,45.68,-3.4666666666666566,42.65
214.01,0.6,-0.85,8.94,37.24,95.0,23.6,19.39,45.32,5.09000000000001,39.02666666666667
214.05,0.72,-1.25,8.96,37.24,95.0,23.6,19.62,46.04,14.050000000000011,35.806666666666665
214.09,0.34,-1.39,8.99,37.24,95.0,23.6,20.67,44.62,21.79000000000001,29.366666666666664
214.13,-0.1,-1.06,8.98,37.24,95.0,23.6,20.44,44.28,30.343333333333344,22.12
214.17,0.13,-0.3,9.09,37.24,95.0,23.6,20.21,44.28,36.45666666666668,14.873333333333337
214.21,0.16,0.76,9.01,37.24,95.0,23.6,19.86,45.68,42.97666666666667,7.223333333333336
214.25,0.1,1.05,8.96,37.24,95.0,23.6,19.74,44.28,46.23666666666668,1.5866666666666693
214.29,0.4,0.56,9.08,37.24,95.0,23.6,19.86,45.68,49.90000000000001,-7.269999999999997
214.33,-0.06,0.77,8.79,37.24,95.0,23.6,19.86,47.92,49.90000000000001,-13.71333333333333
214.37,-0.01,0.76,9.18,37.24,95.0,23.6,19.39,45.68,51.120000000000005,-21.36333333333333
214.41,0.28,1.56,9.05,37.24,95.0,23.6,20.21,44.28,49.08333333333334,-27.0
214.45,0.4,3.25,8.88,37.24,95.0,23.6,19.51,44.97,48.67666666666668,-33.843333333333334
214.49,0.13,3.28,9.28,37.24,95.0,23.6,20.09,46.04,45.42000000000001,-41.89333333333334
214.53,0.16,2.8,9.34,37.24,95.0,23.6,20.44,44.62,45.83000000000001,-47.93333333333334
214.57,0.18,1.7,9.05,37.24,95.0,23.6,19.97,48.32,42.570000000000014,-51.96
214.61,0.31,2.09,8.91,37.24,95.0,23.6,20.44,46.41,42.16333333333335,-53.97333333333333
214.65,0.34,3.0,9.27,37.24,95.0,23.6,20.09,48.72,38.49666666666668,-56.38999999999999
214.69,0.32,3.35,9.31,37.24,95.0,23.6,19.62,46.04,34.42333333333334,-55.583333333333336
214.73,0.31,1.43,9.56,37.24,95.0,23.6,20.79,44.62,26.68000000000001,-50.35
214.77,0.13,1.44,9.02,37.24,95.0,23.6,19.51,44.97,18.94000000000001,-41.89333333333333
214.81,0.52,1.51,8.72,37.24,95.0,23.6,20.44,44.28,13.643333333333343,-34.64666666666667
214.85,-0.05,0.77,9.09,37.24,95.0,23.6,20.44,44.62,8.756666666666677,-25.790000000000003
214.89,0.18,0.84,9.0,37.24,95.0,23.6,20.79,45.68,1.4233333333333433,-17.74
214.93,0.03,-0.07,8.71,37.24,95.0,23.6,19.39,46.04,-8.759999999999991,-7.273333333333331
214.97,-0.06,-1.49,8.73,37.24,95.0,23.6,20.56,46.04,-19.75999999999999,1.183333333333336
215.01,-0.4,-2.05,8.72,37.24,95.0,23.6,20.32,44.62,-27.909999999999986,12.053333333333336
215.05,-0.65,-2.09,7.96,37.24,95.0,23.6,20.09,46.04,-36.466666666666654,20.910000000000004
215.09,-0.31,-2.82,9.38,37.24,95.0,23.6,20.21,45.68,-43.39333333333332,30.170000000000005
215.13,-0.18,-3.28,9.62,37.24,95.0,23.6,19.51,44.97,-51.539999999999985,37.82
215.17,-0.32,-4.04,8.96,37.24,95.0,23.6,20.32,45.68,-56.426666666666655,45.47
215.21,-0.09,-3.51,8.54,37.24,95.0,23.6,20.44,44.97,-60.90666666666666,49.89666666666667
215.25,-0.01,-3.87,8.6,37.24,95.0,23.6,19.74,45.68,-62.12666666666666,53.52
215.29,-0.06,-3.46,8.96,37.24,95.0,23.6,20.79,46.41,-62.94333333333332,54.32666666666666
215.33,0.23,-2.99,8.68,37.24,95.0,23.6,20.32,46.41,-60.089999999999996,54.73
215.37,0.02,-2.6,8.91,37.24,95.0,23.6,20.44,44.28,-54.386666666666656,51.913333333333334
215.41,0.32,-3.26,9.11,37.24,95.0,23.6,21.36,44.28,-42.97999999999999,49.093333333333334
215.45,-0.09,-3.82,9.24,37.24,95.0,23.6,19.62,45.68,-31.166666666666654,48.69
215.49,0.23,-3.45,9.09,37.24,95.0,23.6,20.79,46.04,-20.169999999999987,46.27333333333333
215.53,0.32,-2.23,9.03,37.24,95.0,23.6,19.62,46.04,-12.429999999999987,45.06666666666666
215.57,0.67,-1.79,9.14,37.24,95.0,23.6,20.79,45.32,-4.283333333333322,42.25
215.61,0.28,-1.06,9.12,37.24,95.0,23.6,20.9,44.62,3.0500000000000114,40.23666666666667
215.65,0.28,-1.06,8.96,37.24,95.0,23.6,20.09,46.04,12.013333333333344,35.40666666666667
215.69,0.01,-1.26,8.8,37.24,95.0,23.6,20.44,42.0,21.79000000000001,28.96333333333334
215.73,0.07,-0.98,8.95,37.24,95.0,23.6,20.44,44.28,29.936666666666678,22.523333333333337
215.77,0.23,-0.36,9.03,37.24,95.0,23.6,21.02,44.62,38.90000000000001,17.286666666666665
215.81,0.34,0.45,9.15,37.24,95.0,23.6,20.21,44.28,43.38333333333335,11.24666666666667
215.85,0.48,0.52,8.82,37.24,95.0,23.6,19.86,45.32,50.31000000000001,4.8033333333333355
215.89,-0.09,0.63,8.92,37.24,95.0,23.6,21.82,44.62,51.53000000000001,-3.649999999999998
215.93,0.04,0.55,9.05,37.24,95.0,23.6,19.86,47.92,54.38,-11.699999999999998
215.97,0.41,0.88,9.14,37.24,95.0,23.6,19.86,45.32,52.75000000000001,-20.959999999999997
216.01,0.28,1.43,9.19,37.24,95.0,23.6,19.86,47.15,51.120000000000005,-27.80333333333333
216.05,0.29,2.71,9.13,37.24,95.0,23.6,19.27,42.0,48.27000000000001,-33.843333333333334
216.09,0.21,3.03,9.19,37.24,95.0,23.6,19.15,46.04,47.45666666666668,-39.879999999999995
216.13,0.42,2.78,9.19,37.24,95.0,23.6,20.56,44.62,46.643333333333345,-43.90666666666666
216.17,0.39,1.53,9.65,37.24,95.0,23.6,20.21,44.97,43.79000000000001,-48.73666666666666
216.21,0.25,2.02,9.02,37.24,95.0,23.6,20.09,44.62,40.53000000000001,-49.14000000000001
216.25,0.16,2.42,9.03,37.24,95.0,23.6,20.21,44.28,36.45666666666668,-50.346666666666664
216.29,0.26,2.94,9.5,37.24,95.0,23.6,17.85,44.97,31.976666666666677,-50.346666666666664
216.33,0.38,1.9,9.57,37.24,95.0,23.6,19.86,46.04,26.68000000000001,-49.54333333333333
216.37,0.01,2.36,9.51,37.24,95.0,23.6,20.9,46.04,23.420000000000012,-45.52
216.41,-0.22,1.87,8.85,37.24,95.0,23.6,19.39,45.68,18.123333333333346,-37.47
216.45,-0.01,0.18,8.89,37.24,95.0,23.6,20.44,46.04,11.200000000000012,-30.22333333333333
216.49,-0.03,0.42,9.07,37.24,95.0,23.6,20.44,42.0,2.236666666666679,-20.96333333333333
216.53,0.39,0.12,9.13,37.24,95.0,23.6,20.56,46.04,-7.133333333333321,-13.716666666666663
216.57,0.31,-1.41,9.01,37.24,95.0,23.6,20.67,45.68,-17.31999999999999,-2.039999999999998
216.61,0.5,-1.65,9.14,37.24,95.0,23.6,19.97,46.04,-25.87333333333332,8.830000000000004
216.65,0.64,-2.41,9.31,37.24,95.0,23.6,20.44,45.68,-33.61333333333332,21.313333333333336
216.69,0.74,-3.23,8.74,37.24,95.0,23.6,20.67,44.62,-41.353333333333325,31.78
216.73,0.03,-2.75,8.86,37.24,95.0,23.6,20.56,44.62,-49.49999999999999,40.23666666666667
216.77,0.51,-2.86,8.75,37.24,95.0,23.6,19.62,46.04,-56.83333333333332,46.67666666666667
216.81,-0.05,-3.91,9.57,37.24,95.0,23.6,21.36,44.62,-61.71999999999999,51.10666666666666
216.85,0.4,-4.38,9.19,37.24,95.0,23.6,20.44,43.28,-63.34999999999999,52.31333333333333
216.89,0.2,-3.81,8.64,37.24,95.0,23.6,20.09,46.04,-64.57333333333332,52.31333333333333
216.93,-0.2,-3.52,9.07,37.24,95.0,23.6,20.09,46.04,-60.90666666666666,49.89666666666667
216.97,0.29,-3.52,9.33,37.24,95.0,23.6,20.09,46.04,-57.23999999999999,49.49333333333334
217.01,0.08,-3.55,9.69,37.24,95.0,23.6,20.9,44.28,-47.05333333333332,47.88333333333333
217.05,0.4,-3.2,8.81,37.24,95.0,23.6,20.09,44.62,-35.646666666666654,49.093333333333334
217.09,0.28,-3.02,9.03,37.24,95.0,23.6,20.56,44.62,-23.833333333333318,48.693333333333335
217.13,0.16,-2.53,9.05,37.24,95.0,23.6,20.21,44.97,-12.83333333333332,48.29
217.17,0.19,-1.95,9.31,37.24,95.0,23.6,20.56,44.62,-4.279999999999986,46.68
217.21,0.28,-1.2,8.67,37.24,95.0,23.6,20.32,46.04,5.090000000000015,41.846666666666664
217.25,-0.03,-1.08,9.55,37.24,95.0,23.6,20.09,46.04,12.013333333333348,37.01666666666667
217.29,0.08,-1.14,9.03,37.24,95.0,23.6,20.09,45.32,21.383333333333344,29.36666666666667
217.33,0.06,-1.07,8.93,37.24,95.0,23.6,20.32,46.04,28.306666666666683,23.330000000000002
217.37,0.26,-0.56,9.15,37.24,95.0,23.6,20.67,44.62,35.23333333333334,17.69333333333334
217.41,0.34,0.22,9.13,37.24,95.0,23.6,19.86,46.04,39.30666666666668,11.250000000000002
217.45,0.29,0.48,9.04,37.24,95.0,23.6,19.39,46.04,43.38333333333335,5.613333333333336
217.49,0.11,0.54,9.22,37.24,95.0,23.6,20.32,45.32,49.49333333333335,-3.6466666666666643
217.53,-0.1,0.21,9.09,37.24,95.0,23.6,20.44,46.04,53.16000000000002,-11.696666666666665
217.57,-0.16,0.29,9.31,37.24,95.0,23.6,20.9,44.62,53.97333333333335,-20.55666666666666
217.61,0.08,1.44,9.31,37.24,95.0,23.6,18.33,44.28,51.53000000000001,-26.19333333333333
217.65,0.28,2.13,9.29,37.24,95.0,23.6,19.62,46.04,48.27000000000001,-32.23333333333333
217.69,0.31,3.34,9.17,37.24,95.0,23.6,19.27,45.32,47.45666666666668,-39.07666666666666
217.73,0.27,3.06,9.14,37.24,95.0,23.6,20.09,48.32,47.45666666666668,-46.72666666666667
217.77,0.06,2.12,9.36,37.24,95.0,23.6,19.97,44.28,45.83000000000002,-51.96
217.81,0.13,1.45,9.33,37.24,95.0,23.6,20.09,44.62,42.97666666666668,-53.56999999999999
217.85,0.32,2.32,9.37,37.24,95.0,23.6,20.21,45.68,38.90333333333334,-52.76333333333332
217.89,0.12,3.01,10.06,37.24,95.0,23.6,19.97,44.28,34.420000000000016,-51.556666666666665
217.93,0.06,3.39,8.77,37.24,95.0,23.6,19.51,46.04,29.123333333333346,-49.13999999999999
217.97,0.7,1.29,9.68,37.24,95.0,23.6,20.09,45.32,24.23333333333335,-47.126666666666665
218.01,0.34,0.35,8.65,37.24,95.0,23.6,21.36,44.62,18.93666666666668,-42.29666666666666
218.05,0.74,1.51,8.81,37.24,95.0,23.6,20.21,44.28,11.603333333333346,-35.453333333333326
218.09,0.31,0.43,8.9,37.24,95.0,23.6,19.86,46.04,3.0500000000000136,-24.98666666666666
218.13,0.54,0.1,9.37,37.24,95.0,23.6,20.21,44.28,-6.319999999999986,-13.309999999999995
218.17,0.23,-0.74,9.07,37.24,95.0,23.6,20.56,44.62,-14.059999999999988,-2.0366666666666617
218.21,-0.09,-1.66,8.63,37.24,95.0,23.6,19.86,46.04,-23.839999999999986,9.236666666666672
218.25,-0.65,-2.1,8.81,37.24,95.0,23.6,19.86,46.04,-31.98666666666665,19.30333333333334
218.29,0.43,-2.6,9.26,37.24,95.0,23.6,20.44,44.28,-40.94666666666665,26.953333333333344
218.33,0.42,-2.47,9.53,37.24,95.0,23.6,19.74,44.97,-49.09333333333333,34.603333333333346
218.37,-0.35,-2.88,9.6,37.24,95.0,23.6,20.67,44.28,-55.60999999999999,40.64000000000001
218.41,-0.26,-3.85,9.11,37.24,95.0,23.6,20.09,44.62,-59.276666666666664,47.48333333333334
218.45,-0.03,-3.45,8.99,37.24,95.0,23.6,20.9,44.62,-61.71999999999999,49.093333333333334
218.49,0.2,-3.78,8.81,37.24,95.0,23.6,20.44,44.28,-62.536666666666655,49.49666666666667
218.53,0.09,-3.83,9.77,37.24,95.0,23.6,19.62,45.68,-60.09333333333333,49.093333333333334
218.57,0.18,-2.85,9.02,37.24,95.0,23.6,20.44,44.28,-54.79666666666665,49.093333333333334
218.61,0.09,-2.92,8.71,37.24,95.0,23.6,19.97,46.78,-47.05666666666665,50.70333333333334
218.65,0.3,-3.41,8.85,37.24,95.0,23.6,19.39,46.04,-40.12999999999999,49.49666666666667
218.69,0.27,-3.61,9.03,37.24,95.0,23.6,20.09,46.41,-29.133333333333322,47.080000000000005
218.73,0.37,-2.88,8.76,37.24,95.0,23.6,19.39,46.04,-19.35333333333332,44.66666666666668
218.77,0.24,-1.58,8.94,37.24,95.0,23.6,20.09,46.04,-8.356666666666653,41.44666666666667
218.81,0.42,-0.99,8.66,37.24,95.0,23.6,19.97,44.62,1.4233333333333473,41.04333333333334
218.85,0.22,-1.23,9.18,37.24,95.0,23.6,19.62,46.04,10.383333333333347,37.01666666666667
218.89,0.06,-1.48,9.03,37.24,95.0,23.6,20.44,44.28,19.753333333333348,31.780000000000005
218.93,0.04,-1.56,9.15,37.24,95.0,23.6,20.9,44.62,25.863333333333344,25.74333333333334
218.97,0.2,-0.84,9.05,37.24,95.0,23.6,20.44,44.28,34.01333333333335,18.496666666666673
219.01,0.31,0.02,9.08,37.24,95.0,23.6,20.09,44.62,40.53333333333335,14.473333333333338
219.05,0.34,0.83,9.33,37.24,95.0,23.6,19.86,45.68,46.23666666666668,6.016666666666672
219.09,0.15,0.91,9.08,37.24,95.0,23.6,19.62,46.04,48.27333333333335,-0.023333333333328692
219.13,0.08,0.25,9.27,37.24,95.0,23.6,20.56,44.28,48.68000000000001,-7.6733333333333285
219.17,-0.02,0.07,9.17,37.24,95.0,23.6,20.44,44.62,49.49333333333335,-13.709999999999996
219.21,-0.35,1.21,9.0,37.24,95.0,23.6,19.97,44.62,51.53000000000001,-21.763333333333332
219.25,0.23,1.99,9.13,37.24,95.0,23.6,20.32,46.04,51.53000000000001,-30.619999999999994
219.29,0.26,4.03,9.05,37.24,95.0,23.6,20.44,46.04,49.49333333333334,-36.66
219.33,0.21,2.94,9.31,37.24,95.0,23.6,19.86,45.32,46.640000000000015,-42.69666666666666
219.37,0.26,2.52,9.34,37.24,95.0,23.6,20.44,44.28,44.19666666666668,-48.333333333333336
219.41,0.27,1.57,9.4,37.24,95.0,23.6,19.97,45.68,41.75333333333335,-52.76333333333333
219.45,0.19,2.08,9.47,37.24,95.0,23.6,20.32,46.04,38.90333333333335,-55.18
219.49,0.6,2.62,9.93,37.24,95.0,23.6,19.51,44.97,34.01333333333335,-53.56999999999999
219.53,0.44,3.69,9.3,37.24,95.0,23.6,20.09,44.28,29.940000000000012,-52.35999999999999
219.57,0.63,1.19,9.21,37.24,95.0,23.6,20.67,44.62,23.826666666666682,-46.72333333333333
219.61,0.7,0.7,9.76,37.24,95.0,23.6,19.97,44.62,19.346666666666682,-39.879999999999995
219.65,0.45,-0.08,9.39,37.24,95.0,23.6,20.32,47.92,12.013333333333348,-31.426666666666666
219.69,0.31,0.78,8.84,37.24,95.0,23.6,20.32,46.04,4.273333333333348,-24.179999999999996
219.73,0.03,0.37,8.89,37.24,95.0,23.6,20.21,44.28,-4.689999999999986,-16.12666666666666
219.77,-0.17,-0.29,8.82,37.24,95.0,23.6,20.67,44.62,-13.65333333333332,-8.073333333333329
219.81,-0.62,-1.07,8.61,37.24,95.0,23.6,20.21,44.28,-21.393333333333317,3.603333333333339
219.85,-0.36,-1.57,8.46,37.24,95.0,23.6,20.44,44.62,-29.133333333333315,14.473333333333338
219.89,0.61,-2.41,8.62,37.24,95.0,23.6,20.21,45.68,-35.24333333333332,25.343333333333344
219.93,0.71,-2.88,9.38,37.24,95.0,23.6,19.86,44.62,-41.759999999999984,32.99000000000001
219.97,0.59,-2.83,8.21,37.24,95.0,23.6,19.62,45.32,-50.31333333333331,41.443333333333335
220.01,0.28,-3.36,9.19,37.24,95.0,23.6,20.44,45.68,-57.23999999999999,49.49333333333334
220.05,0.26,-3.42,8.91,37.24,95.0,23.6,19.86,45.68,-62.536666666666655,53.116666666666674
220.09,0.47,-4.15,9.45,37.24,95.0,23.6,20.32,45.68,-64.57666666666665,53.52000000000001
220.13,0.17,-4.25,9.7,37.24,95.0,23.6,20.32,45.32,-63.353333333333325,50.70333333333334
220.17,0.42,-3.44,9.6,37.24,95.0,23.6,20.44,46.04,-57.24333333333332,49.093333333333334
220.21,0.33,-2.54,8.6,37.24,95.0,23.6,20.56,45.32,-46.649999999999984,47.48333333333333
220.25,0.23,-3.17,8.73,37.24,95.0,23.6,19.39,46.04,-35.649999999999984,48.28666666666667
220.29,0.07,-4.04,9.3,37.24,95.0,23.6,19.86,45.68,-27.09333333333332,47.88666666666668
220.33,0.31,-3.0,8.95,37.24,95.0,23.6,19.74,44.28,-19.35333333333332,47.48333333333334
220.37,0.3,-1.81,8.79,37.24,95.0,23.6,20.09,46.04,-12.429999999999986,43.86000000000001
220.41,0.29,-0.74,8.78,37.24,95.0,23.6,19.62,46.04,-3.8766666666666523,43.05333333333334
220.45,0.29,-1.15,9.13,37.24,95.0,23.6,19.97,44.62,5.493333333333347,39.833333333333336
220.49,0.07,-1.49,9.16,37.24,95.0,23.6,20.67,46.04,15.680000000000014,35.81000000000001
220.53,0.11,-1.56,8.89,37.24,95.0,23.6,19.62,46.04,24.23666666666668,29.770000000000007
220.57,0.23,-1.13,9.07,37.24,95.0,23.6,20.44,44.28,31.163333333333345,21.716666666666672
220.61,0.3,-0.3,9.15,37.24,95.0,23.6,19.74,46.04,37.27333333333335,15.273333333333335
220.65,0.1,0.42,9.22,37.24,95.0,23.6,19.62,46.04,41.75333333333335,8.833333333333337
220.69,-0.02,0.79,8.73,37.24,95.0,23.6,20.09,46.04,45.420000000000016,1.9900000000000047
220.73,0.02,0.54,9.49,37.24,95.0,23.6,20.21,43.94,48.680000000000014,-6.866666666666663
220.77,0.38,-0.09,8.88,37.24,95.0,23.6,20.44,44.62,51.53333333333335,-14.51666666666666
220.81,-0.08,0.82,8.74,37.24,95.0,23.6,20.44,44.28,52.346666666666685,-23.37333333333333
220.85,0.01,1.52,9.08,37.24,95.0,23.6,19.62,46.04,49.90000000000001,-29.413333333333327
220.89,0.18,3.0,9.2,37.24,95.0,23.6,21.36,44.28,47.04666666666668,-38.269999999999996
220.93,0.2,2.47,9.49,37.24,95.0,23.6,20.09,44.62,47.45333333333334,-42.699999999999996
220.97,0.17,2.63,9.61,37.24,95.0,23.6,20.21,45.68,46.640000000000015,-46.72666666666667
221.01,-0.09,2.03,9.18,37.24,95.0,23.6,19.97,44.28,45.82666666666668,-51.156666666666666
221.05,0.17,1.89,9.64,37.24,95.0,23.6,20.44,44.62,40.53000000000001,-52.36333333333334
221.09,0.31,2.54,9.27,37.24,95.0,23.6,19.62,46.04,36.456666666666685,-53.166666666666664
221.13,0.23,3.87,9.17,37.24,95.0,23.6,19.86,46.04,30.34666666666668,-49.946666666666665
221.17,-0.01,1.84,9.69,37.24,95.0,23.6,19.86,45.32,25.866666666666678,-48.336666666666666
221.21,0.29,0.52,9.2,37.24,95.0,23.6,19.97,45.68,19.346666666666682,-43.10333333333333
221.25,-0.13,1.08,8.84,37.24,95.0,23.6,20.44,45.32,14.45666666666668,-36.66
221.29,0.44,0.39,9.11,37.24,95.0,23.6,20.32,44.97,7.123333333333348,-28.20666666666666
221.33,0.19,0.83,9.08,37.24,95.0,23.6,18.8,45.32,1.4200000000000144,-19.349999999999994
221.37,0.38,-0.19,8.97,37.24,95.0,23.6,19.74,45.32,-8.356666666666653,-10.493333333333329
221.41,0.35,-1.72,9.05,37.24,95.0,23.6,20.09,46.04,-17.726666666666652,0.37666666666667165
221.45,0.72,-1.89,9.18,37.24,95.0,23.6,21.02,44.62,-27.909999999999986,11.650000000000006
221.49,1.31,-2.27,9.61,37.24,95.0,23.6,19.62,45.68,-36.46666666666665,23.730000000000004
221.53,0.5,-1.57,8.64,37.24,95.0,23.6,19.86,45.68,-45.01999999999998,33.39333333333334
221.57,0.33,-2.32,9.13,37.24,95.0,23.6,20.79,45.68,-50.316666666666656,41.04333333333334
221.61,0.5,-4.05,9.36,37.24,95.0,23.6,20.21,45.68,-54.389999999999986,47.88666666666668
221.65,0.23,-3.44,8.91,37.24,95.0,23.6,20.44,44.28,-58.46333333333332,51.51000000000001
221.69,0.28,-3.88,9.18,37.24,95.0,23.6,20.09,44.62,-61.71999999999999,54.326666666666675
221.73,0.58,-3.02,8.77,37.24,95.0,23.6,19.62,44.97,-62.93999999999999,54.73
221.77,0.42,-2.75,8.92,37.24,95.0,23.6,19.39,46.04,-59.683333333333316,55.13333333333333
221.81,0.83,-3.49,9.08,37.24,95.0,23.6,19.86,46.04,-53.97999999999999,53.120000000000005
221.85,0.17,-3.9,9.55,37.24,95.0,23.6,19.97,44.28,-44.20333333333332,49.89666666666667
221.89,0.11,-3.13,9.0,37.24,95.0,23.6,20.09,46.78,-32.79666666666665,47.48
221.93,0.06,-3.19,9.21,37.24,95.0,23.6,19.86,45.68,-23.019999999999985,45.470000000000006
221.97,0.39,-2.28,8.97,37.24,95.0,23.6,20.21,45.32,-14.059999999999983,43.45666666666667
222.01,0.34,-1.31,8.93,37.24,95.0,23.6,19.97,45.68,-5.909999999999985,42.25
222.05,0.63,-1.54,9.47,37.24,95.0,23.6,19.86,46.04,3.0500000000000145,37.82000000000001
222.09,0.58,-1.64,8.98,37.24,95.0,23.6,20.09,46.04,12.420000000000016,33.796666666666674
222.13,0.14,-1.54,9.02,37.24,95.0,23.6,20.09,46.04,20.56666666666668,27.75666666666667
222.17,0.22,-1.15,8.95,37.24,95.0,23.6,20.44,44.28,28.71666666666668,22.120000000000005
222.21,0.18,-0.3,9.09,37.24,95.0,23.6,19.86,46.04,34.42000000000001,16.883333333333336
222.25,0.21,0.43,9.28,37.24,95.0,23.6,19.39,45.68,41.346666666666685,11.246666666666671
222.29,0.53,0.62,9.15,37.24,95.0,23.6,19.97,45.68,45.420000000000016,5.206666666666672
222.33,0.54,0.33,8.92,37.24,95.0,23.6,20.21,45.68,49.49333333333334,-1.636666666666662
222.37,0.13,0.54,8.79,37.24,95.0,23.6,20.79,46.04,50.30666666666668,-10.089999999999995
222.41,-0.08,0.82,9.32,37.24,95.0,23.6,20.09,46.04,50.713333333333345,-19.349999999999994
222.45,0.13,1.67,9.27,37.24,95.0,23.6,19.62,46.04,48.67666666666668,-27.403333333333325
222.49,0.26,2.9,9.22,37.24,95.0,23.6,20.21,44.62,47.45333333333334,-34.24666666666666
222.53,0.15,2.92,9.26,37.24,95.0,23.6,20.32,46.04,46.23,-40.28333333333333
222.57,0.12,2.69,9.45,37.24,95.0,23.6,19.86,46.04,44.603333333333346,-47.126666666666665
222.61,0.17,1.63,9.46,37.24,95.0,23.6,20.44,44.28,42.16000000000002,-52.36333333333332
222.65,0.29,1.7,9.51,37.24,95.0,23.6,20.67,44.62,39.31000000000001,-52.36333333333334
222.69,0.05,2.76,9.4,37.24,95.0,23.6,19.39,45.32,37.680000000000014,-53.97333333333333
222.73,0.52,3.16,9.48,37.24,95.0,23.6,19.39,46.78,33.606666666666676,-53.166666666666664
222.77,0.23,1.88,9.8,37.24,95.0,23.6,19.97,44.28,29.940000000000012,-52.76666666666667
222.81,0.82,1.15,8.76,37.24,95.0,23.6,19.27,45.68,24.23666666666668,-44.31333333333333
222.85,0.82,-0.09,9.29,37.24,95.0,23.6,20.44,44.28,18.940000000000012,-37.87333333333333
222.89,0.04,0.77,8.97,37.24,95.0,23.6,21.36,44.62,9.570000000000013,-29.013333333333332
222.93,0.29,0.75,9.11,37.24,95.0,23.6,20.79,45.32,1.013333333333345,-21.36333333333333
222.97,0.55,-0.17,9.26,37.24,95.0,23.6,20.21,44.97,-8.763333333333321,-10.489999999999997
223.01,0.74,-1.79,9.17,37.24,95.0,23.6,20.09,46.04,-16.096666666666653,-2.0366666666666617
223.05,0.99,-2.24,9.32,37.24,95.0,23.6,20.79,44.62,-25.87333333333332,7.626666666666672
223.09,0.07,-2.26,8.96,37.24,95.0,23.6,20.56,44.28,-33.61333333333332,18.900000000000006
223.13,0.16,-2.58,8.96,37.24,95.0,23.6,19.86,46.04,-42.98333333333332,30.97666666666667
223.17,-0.33,-2.61,7.74,37.24,95.0,23.6,19.86,46.04,-49.09333333333333,39.43333333333334
223.21,-0.75,-3.56,8.2,37.24,95.0,23.6,20.21,44.28,-54.79666666666665,45.470000000000006
223.25,-0.53,-4.53,8.6,37.24,95.0,23.6,20.21,45.68,-56.833333333333314,49.09333333333334
223.29,-0.33,-3.93,8.8,37.24,95.0,23.6,19.97,46.04,-59.68666666666666,52.716666666666676
223.33,-0.16,-3.47,9.0,37.24,95.0,23.6,19.86,44.62,-58.87333333333331,51.913333333333334
223.37,0.35,-3.33,8.89,37.24,95.0,23.6,20.21,46.41,-57.649999999999984,52.720000000000006
223.41,0.15,-2.16,8.57,37.24,95.0,23.6,19.27,45.68,-51.94666666666666,52.31666666666667
223.45,0.28,-2.38,8.38,37.24,95.0,23.6,20.44,44.28,-44.20666666666665,50.70666666666668
223.49,0.38,-3.47,8.83,37.24,95.0,23.6,19.62,45.68,-34.02333333333332,49.900000000000006
223.53,0.26,-3.49,8.88,37.24,95.0,23.6,19.86,47.92,-25.059999999999988,48.29000000000001
223.57,0.17,-2.67,8.78,37.24,95.0,23.6,20.09,46.04,-16.909999999999986,47.88666666666668
223.61,0.26,-1.69,8.9,37.24,95.0,23.6,19.97,44.28,-7.946666666666655,43.05666666666667
223.65,0.29,-1.09,9.32,37.24,95.0,23.6,20.67,44.62,1.0166666666666788,38.223333333333336
223.69,0.03,-1.18,8.95,37.24,95.0,23.6,20.44,44.28,9.570000000000013,33.793333333333344
223.73,0.36,-1.72,9.14,37.24,95.0,23.6,20.32,47.92,16.49666666666668,30.976666666666674
223.77,-0.04,-1.26,9.15,37.24,95.0,23.6,19.86,46.04,24.643333333333345,24.536666666666676
223.81,0.11,-0.41,8.99,37.24,95.0,23.6,19.97,44.28,34.01333333333334,17.290000000000006
223.85,0.22,0.51,9.24,37.24,95.0,23.6,20.32,46.04,42.16000000000001,9.236666666666673
223.89,0.36,0.85,8.98,37.24,95.0,23.6,20.9,46.04,47.05000000000001,1.9900000000000073
223.93,-0.05,0.6,9.36,37.24,95.0,23.6,20.21,45.68,51.12333333333334,-4.449999999999993
223.97,-0.53,0.54,8.83,37.24,95.0,23.6,20.32,44.28,50.716666666666676,-12.099999999999994
224.01,0.07,0.36,9.44,37.24,95.0,23.6,19.39,44.97,51.936666666666675,-19.749999999999996
224.05,0.07,1.55,8.86,37.24,95.0,23.6,20.44,44.97,49.49333333333335,-28.609999999999996
224.09,0.18,2.21,9.39,37.24,95.0,23.6,19.62,46.04,49.08333333333334,-35.85666666666666
224.13,0.22,3.43,9.12,37.24,95.0,23.6,21.02,44.62,48.67666666666668,-40.69
224.17,0.25,3.12,9.22,37.24,95.0,23.6,19.86,46.04,46.23333333333335,-45.11666666666667
224.21,-0.03,1.99,9.26,37.24,95.0,23.6,19.62,46.04,44.19666666666668,-48.336666666666666
224.25,0.0,1.32,9.45,37.24,95.0,23.6,19.86,46.04,39.716666666666676,-51.96
224.29,0.14,2.32,9.39,37.24,95.0,23.6,20.44,44.28,38.08666666666668,-54.376666666666665
224.33,0.16,3.32,9.33,37.24,95.0,23.6,19.62,46.04,33.606666666666676,-54.78
224.37,0.22,3.1,8.97,37.24,95.0,23.6,18.92,45.68,29.533333333333346,-50.75333333333333
224.41,0.43,0.65,9.8,37.24,95.0,23.6,20.44,44.62,24.23666666666668,-43.103333333333325
224.45,0.37,0.13,9.03,37.24,95.0,23.6,20.21,45.68,19.34666666666668,-34.64999999999999
224.49,-0.02,1.25,8.87,37.24,95.0,23.6,19.86,46.04,12.013333333333344,-26.999999999999996
224.53,0.81,-0.05,9.34,37.24,95.0,23.6,20.09,46.04,3.4600000000000115,-20.156666666666663
224.57,0.83,0.39,9.26,37.24,95.0,23.6,19.97,44.28,-4.686666666666655,-14.116666666666662
224.61,0.54,-1.05,9.13,37.24,95.0,23.6,20.21,45.68,-10.799999999999988,-7.273333333333329
224.65,0.16,-1.9,9.08,37.24,95.0,23.6,19.86,46.04,-19.356666666666655,3.196666666666671
224.69,-0.05,-2.12,8.58,37.24,95.0,23.6,20.09,46.41,-28.31999999999999,12.860000000000005
224.73,-0.11,-2.19,9.14,37.24,95.0,23.6,20.56,45.68,-37.27999999999998,22.52333333333334
224.77,0.05,-2.07,8.77,37.24,95.0,23.6,23.08,45.32,-45.83333333333332,32.58666666666667
224.81,0.07,-2.0,8.2,37.24,95.0,23.6,19.39,45.32,-51.94333333333333,41.04
224.85,0.08,-4.12,8.67,37.24,95.0,23.6,20.09,46.04,-59.683333333333316,48.28666666666667
224.89,0.14,-3.69,8.06,37.24,95.0,23.6,19.62,46.04,-63.75999999999999,51.50666666666667
224.93,-0.1,-3.99,8.81,37.24,95.0,23.6,20.09,46.04,-66.61,53.52
224.97,0.13,-3.5,9.19,37.24,95.0,23.6,19.86,46.04,-64.98,54.326666666666675
225.01,0.34,-2.69,9.09,37.24,95.0,23.6,19.27,44.97,-60.089999999999996,52.71666666666667
225.05,0.28,-2.63,8.43,37.24,95.0,23.6,19.86,47.92,-50.71999999999999,53.120000000000005
225.09,0.34,-2.94,8.79,37.24,95.0,23.6,18.92,46.04,-40.12999999999999,51.51
225.13,0.08,-3.64,9.14,37.24,95.0,23.6,20.21,45.68,-27.909999999999986,51.106666666666676
225.17,0.29,-2.97,8.74,37.24,95.0,23.6,20.56,44.62,-17.31999999999999,49.093333333333334
225.21,0.35,-1.91,9.11,37.24,95.0,23.6,19.62,46.04,-6.726666666666657,45.870000000000005
225.25,0.45,-0.86,8.51,37.24,95.0,23.6,20.21,46.04,2.2366666666666757,41.443333333333335
225.29,0.49,-1.33,9.04,37.24,95.0,23.6,20.09,45.68,9.57000000000001,36.21
225.33,0.33,-1.32,9.15,37.24,95.0,23.6,20.21,45.32,18.53000000000001,30.573333333333338
225.37,0.13,-1.28,9.02,37.24,95.0,23.6,20.9,45.68,25.456666666666678,26.143333333333334
225.41,0.09,-1.07,9.04,37.24,95.0,23.6,19.86,45.68,31.97333333333334,21.31333333333334
225.45,0.14,-0.16,9.12,37.24,95.0,23.6,20.56,43.28,38.900000000000006,16.080000000000002
225.49,0.54,0.49,9.21,37.24,95.0,23.6,20.44,45.32,45.823333333333345,8.430000000000005
225.53,0.18,0.68,9.22,37.24,95.0,23.6,21.71,46.04,53.15666666666667,-0.429999999999995
225.57,0.12,0.52,9.12,37.24,95.0,23.6,20.67,46.04,55.6,-9.689999999999994
225.61,0.7,0.04,9.71,37.24,95.0,23.6,20.67,44.62,54.78666666666667,-18.143333333333327
225.65,0.42,0.79,9.34,37.24,95.0,23.6,19.27,46.04,52.34333333333334,-24.179999999999996
225.69,0.97,1.82,9.03,37.24,95.0,23.6,19.62,45.68,49.9,-28.606666666666666
225.73,0.33,3.3,9.37,37.24,95.0,23.6,19.62,45.32,49.08666666666667,-33.43666666666667
225.77,0.42,2.67,9.47,37.24,95.0,23.6,19.39,46.04,46.643333333333345,-39.47666666666666
225.81,0.32,2.29,9.34,37.24,95.0,23.6,19.97,46.04,44.20000000000001,-44.309999999999995
225.85,0.19,1.2,9.5,37.24,95.0,23.6,20.9,44.28,42.97666666666668,-50.35
225.89,0.08,1.72,9.56,37.24,95.0,23.6,19.62,45.68,41.753333333333345,-51.96
225.93,0.47,2.39,9.67,37.24,95.0,23.6,19.86,47.92,38.49333333333334,-53.97333333333333
225.97,0.52,3.34,9.28,37.24,95.0,23.6,20.09,45.68,32.38333333333335,-51.156666666666666
226.01,0.18,2.05,8.85,37.24,95.0,23.6,20.32,46.04,25.456666666666678,-47.53333333333333
226.05,0.27,0.25,8.87,37.24,95.0,23.6,20.44,44.97,18.94000000000001,-39.07666666666667
226.09,0.52,0.84,8.79,37.24,95.0,23.6,20.21,44.97,12.013333333333343,-31.023333333333326
226.13,0.25,0.73,9.22,37.24,95.0,23.6,20.21,44.28,5.496666666666676,-22.16666666666666
226.17,0.19,0.98,8.92,37.24,95.0,23.6,19.62,45.32,-3.0599999999999903,-14.919999999999995
226.21,-0.04,-0.16,8.86,37.24,95.0,23.6,19.39,45.68,-11.206666666666658,-6.4666666666666615
226.25,-0.37,-1.13,8.51,37.24,95.0,23.6,21.13,44.28,-18.94666666666666,0.7800000000000047
226.29,-0.39,-1.97,8.82,37.24,95.0,23.6,20.44,44.28,-27.909999999999986,10.843333333333339
226.33,0.38,-1.86,8.31,37.24,95.0,23.6,20.56,44.28,-37.68666666666666,22.520000000000007
226.37,1.11,-2.55,9.38,37.24,95.0,23.6,19.86,46.04,-47.46333333333333,32.98666666666667
226.41,1.02,-4.12,10.26,37.24,95.0,23.6,20.21,44.28,-54.386666666666656,42.650000000000006
226.45,0.3,-4.19,9.65,37.24,95.0,23.6,19.86,44.97,-60.49999999999999,47.48
226.49,0.66,-3.68,9.4,37.24,95.0,23.6,20.09,46.04,-65.39,50.70333333333334
226.53,0.81,-3.89,9.48,37.24,95.0,23.6,20.09,44.62,-67.02,51.51000000000001
226.57,0.39,-3.92,9.86,37.24,95.0,23.6,19.86,46.04,-65.39,51.11000000000001
226.61,0.74,-3.53,9.44,37.24,95.0,23.6,20.09,46.04,-59.68666666666666,51.11000000000001
226.65,0.25,-3.02,8.62,37.24,95.0,23.6,20.44,45.68,-52.353333333333325,50.30333333333334
226.69,0.19,-2.66,8.55,37.24,95.0,23.6,19.86,44.62,-40.536666666666655,48.693333333333335
226.73,0.16,-3.71,9.19,37.24,95.0,23.6,20.21,46.41,-28.313333333333322,47.88666666666668
226.77,0.22,-2.9,9.08,37.24,95.0,23.6,19.39,46.78,-18.536666666666658,46.27666666666667
226.81,0.41,-2.05,8.81,37.24,95.0,23.6,19.39,47.92,-9.983333333333324,46.67666666666667
226.85,0.43,-1.58,9.18,37.24,95.0,23.6,19.62,46.04,-2.6499999999999906,44.26000000000001
226.89,0.6,-0.93,8.94,37.24,95.0,23.6,20.44,44.62,7.126666666666676,41.04
226.93,0.28,-0.96,8.93,37.24,95.0,23.6,20.67,44.62,14.460000000000008,36.21
226.97,0.26,-1.31,9.11,37.24,95.0,23.6,19.86,45.68,21.38333333333334,29.770000000000007
227.01,0.14,-0.93,9.09,37.24,95.0,23.6,19.74,44.28,27.493333333333343,23.730000000000004
227.05,0.2,-0.28,8.96,37.24,95.0,23.6,20.21,45.68,35.64000000000001,17.286666666666672
227.09,0.37,0.33,9.14,37.24,95.0,23.6,20.09,47.92,41.34333333333334,11.650000000000006
227.13,0.1,0.83,8.97,37.24,95.0,23.6,20.44,44.62,48.27000000000001,4.000000000000004
227.17,0.03,0.68,9.42,37.24,95.0,23.6,20.09,46.04,50.713333333333345,-5.659999999999996
227.21,0.13,0.42,9.11,37.24,95.0,23.6,19.86,46.04,53.566666666666684,-13.71333333333333
227.25,-0.08,0.74,9.27,37.24,95.0,23.6,19.86,46.04,51.936666666666675,-22.97333333333333
227.29,0.26,1.62,9.12,37.24,95.0,23.6,19.74,44.28,50.716666666666676,-29.819999999999993
227.33,0.29,3.24,9.05,37.24,95.0,23.6,20.09,44.28,49.08666666666667,-35.85666666666666
227.37,0.24,3.11,9.33,37.24,95.0,23.6,20.32,46.04,47.45666666666667,-41.089999999999996
227.41,0.23,2.95,9.28,37.24,95.0,23.6,19.39,45.32,45.826666666666675,-46.32333333333333
227.45,0.16,1.88,9.31,37.24,95.0,23.6,20.9,44.62,42.160000000000004,-50.349999999999994
227.49,0.28,1.81,9.2,37.24,95.0,23.6,19.86,46.04,38.900000000000006,-51.556666666666665
227.53,0.24,2.6,9.16,37.24,95.0,23.6,20.09,46.04,33.603333333333346,-50.75
227.57,0.46,3.36,8.9,37.24,95.0,23.6,19.15,45.32,30.343333333333344,-49.54333333333333
227.61,0.15,2.42,9.13,37.24,95.0,23.6,17.73,44.62,27.086666666666673,-49.13999999999999
227.65,-0.27,2.23,9.06,37.24,95.0,23.6,20.32,46.04,22.606666666666673,-45.11333333333332
227.69,-0.74,0.11,8.85,37.24,95.0,23.6,20.09,46.04,16.496666666666677,-40.28333333333333
227.73,0.04,1.14,9.21,37.24,95.0,23.6,20.9,45.68,7.940000000000009,-31.02333333333333
227.77,0.12,0.68,8.96,37.24,95.0,23.6,20.09,45.32,2.643333333333343,-21.36333333333333
227.81,0.09,-0.2,9.15,37.24,95.0,23.6,19.62,46.04,-6.726666666666657,-9.686666666666662
227.85,0.14,-0.98,8.89,37.24,95.0,23.6,19.86,47.92,-16.096666666666657,2.7933333333333383
227.89,-0.11,-1.95,8.8,37.24,95.0,23.6,20.21,44.28,-27.096666666666653,14.066666666666672
227.93,0.3,-2.48,9.14,37.24,95.0,23.6,19.97,44.62,-34.02333333333332,25.340000000000003
227.97,0.15,-2.56,8.43,37.24,95.0,23.6,19.62,46.04,-40.53999999999999,32.58666666666667
228.01,0.89,-3.91,9.23,37.24,95.0,23.6,20.32,46.04,-49.09333333333333,39.833333333333336
228.05,0.82,-3.77,8.55,37.24,95.0,23.6,20.21,45.32,-57.23999999999999,43.86000000000001
228.09,0.36,-3.67,9.12,37.24,95.0,23.6,19.97,44.62,-64.16666666666666,49.49666666666667
228.13,0.61,-4.19,9.1,37.24,95.0,23.6,19.86,46.04,-66.61333333333333,50.70666666666667
228.17,0.43,-3.43,9.18,37.24,95.0,23.6,20.09,46.04,-66.61333333333333,51.11000000000001
228.21,0.37,-3.18,8.91,37.24,95.0,23.6,19.39,46.04,-63.353333333333325,50.70666666666667
228.25,0.26,-3.26,9.17,37.24,95.0,23.6,20.09,46.04,-56.426666666666655,50.303333333333335
228.29,0.4,-3.37,8.91,37.24,95.0,23.6,20.09,44.62,-45.426666666666655,51.10666666666666
228.33,0.19,-3.11,8.75,37.24,95.0,23.6,20.21,44.97,-34.01999999999999,49.093333333333334
228.37,0.28,-3.28,8.95,37.24,95.0,23.6,20.09,46.04,-21.38999999999999,47.080000000000005
228.41,0.28,-2.4,8.91,37.24,95.0,23.6,19.62,46.04,-12.426666666666655,44.26333333333334
228.45,0.38,-1.64,9.31,37.24,95.0,23.6,20.44,42.96,-1.833333333333324,41.04333333333334
228.49,0.28,-0.79,8.65,37.24,95.0,23.6,19.62,44.97,6.720000000000009,39.83666666666667
228.53,0.2,-1.27,9.43,37.24,95.0,23.6,20.79,44.62,14.866666666666674,36.61666666666667
228.57,0.24,-1.46,9.09,37.24,95.0,23.6,20.67,44.62,22.196666666666676,32.59
228.61,0.34,-1.2,9.29,37.24,95.0,23.6,19.74,44.28,29.530000000000012,26.55
228.65,0.39,-0.4,9.11,37.24,95.0,23.6,19.74,46.04,35.64000000000001,18.900000000000002
228.69,0.18,0.23,9.11,37.24,95.0,23.6,19.86,46.04,40.53000000000001,12.05666666666667
228.73,0.24,1.01,9.08,37.24,95.0,23.6,19.86,45.32,43.38333333333335,3.600000000000002
228.77,0.21,0.64,9.19,37.24,95.0,23.6,20.21,44.28,47.45666666666667,-3.6466666666666647
228.81,0.18,0.46,9.1,37.24,95.0,23.6,19.74,44.62,49.900000000000006,-11.699999999999998
228.85,0.36,0.29,9.47,37.24,95.0,23.6,20.44,44.28,51.52666666666667,-20.153333333333332
228.89,-0.09,1.39,9.22,37.24,95.0,23.6,20.21,44.97,50.30666666666667,-27.80333333333333
228.93,0.13,1.93,9.71,37.24,95.0,23.6,19.62,45.68,49.49333333333334,-33.44
228.97,0.22,3.44,9.16,37.24,95.0,23.6,20.21,44.28,47.050000000000004,-37.46666666666667
229.01,0.11,3.28,9.33,37.24,95.0,23.6,20.09,46.04,45.42000000000001,-43.10333333333333
229.05,-0.16,1.94,9.39,37.24,95.0,23.6,20.56,44.28,42.160000000000004,-47.93333333333333
229.09,0.28,1.6,9.15,37.24,95.0,23.6,20.09,44.62,40.53000000000001,-51.15333333333333
229.13,0.02,2.13,9.35,37.24,95.0,23.6,19.62,46.04,36.86333333333334,-51.15333333333333
229.17,0.03,2.94,9.41,37.24,95.0,23.6,20.44,44.62,34.42000000000001,-50.75
229.21,0.47,2.75,8.79,37.24,95.0,23.6,20.09,46.04,29.126666666666676,-49.94333333333333
229.25,0.49,1.1,9.57,37.24,95.0,23.6,19.97,44.62,25.05333333333334,-44.71
229.29,0.37,0.23,9.6,37.24,95.0,23.6,20.21,45.68,19.35000000000001,-38.269999999999996
229.33,0.24,0.71,8.99,37.24,95.0,23.6,20.67,44.28,12.016666666666675,-28.609999999999996
229.37,0.18,0.37,9.11,37.24,95.0,23.6,19.97,45.68,2.646666666666674,-19.349999999999998
229.41,0.37,0.1,8.88,37.24,95.0,23.6,19.39,45.32,-7.129999999999993,-10.089999999999998
229.45,0.19,-0.84,9.02,37.24,95.0,23.6,20.9,44.62,-15.279999999999994,-1.633333333333331
229.49,0.31,-1.6,9.06,37.24,95.0,23.6,19.62,46.04,-23.836666666666662,7.62666666666667
229.53,0.28,-2.11,9.09,37.24,95.0,23.6,19.86,45.68,-32.393333333333324,16.080000000000002
229.57,0.62,-2.38,9.02,37.24,95.0,23.6,22.4,46.04,-42.16999999999999,26.54666666666667
229.61,0.29,-3.03,9.28,37.24,95.0,23.6,20.56,46.04,-49.50333333333333,32.98666666666667
229.65,0.16,-2.98,8.35,37.24,95.0,23.6,20.67,44.62,-56.426666666666655,42.24666666666667
229.69,0.19,-4.07,8.61,37.24,95.0,23.6,19.86,46.04,-61.31333333333333,46.27333333333333
229.73,0.23,-4.81,9.42,37.24,95.0,23.6,18.33,47.92,-65.38666666666666,51.106666666666676
229.77,0.17,-4.16,9.45,37.24,95.0,23.6,19.62,46.04,-67.42666666666666,51.51
229.81,0.34,-3.53,8.96,37.24,95.0,23.6,20.21,44.28,-65.39,53.120000000000005
229.85,0.31,-2.97,9.25,37.24,95.0,23.6,20.21,44.97,-60.093333333333334,51.910000000000004
229.89,0.56,-3.07,8.93,37.24,95.0,23.6,20.09,46.04,-49.90666666666666,49.89666666666667
229.93,0.32,-3.15,8.71,37.24,95.0,23.6,19.51,44.28,-38.49999999999999,48.69
229.97,0.17,-3.38,8.94,37.24,95.0,23.6,19.97,44.62,-25.05666666666666,47.48333333333334
230.01,0.06,-2.73,9.1,37.24,95.0,23.6,20.56,46.04,-14.056666666666663,46.68000000000001
230.05,0.08,-1.64,8.8,37.24,95.0,23.6,20.67,46.41,-1.8366666666666625,43.86000000000001
230.09,0.04,-1.15,9.4,37.24,95.0,23.6,19.39,45.32,6.310000000000005,39.833333333333336
230.13,0.33,-1.07,9.26,37.24,95.0,23.6,20.21,45.68,14.050000000000006,37.82
230.17,0.09,-1.32,9.21,37.24,95.0,23.6,19.86,46.04,18.53333333333334,33.39333333333334
230.21,0.24,-1.57,9.13,37.24,95.0,23.6,20.09,45.32,27.090000000000003,28.563333333333336
230.25,0.22,-0.72,9.02,37.24,95.0,23.6,19.62,46.04,32.793333333333344,20.913333333333338
230.29,0.31,0.12,9.12,37.24,95.0,23.6,20.21,45.68,39.31000000000001,14.47
230.33,0.51,1.06,9.29,37.24,95.0,23.6,21.48,44.28,43.79,5.210000000000003
230.37,0.61,0.76,8.81,37.24,95.0,23.6,19.74,45.68,48.67666666666667,-2.036666666666664
230.41,0.49,0.75,8.96,37.24,95.0,23.6,19.86,46.04,51.12,-10.489999999999997
230.45,0.29,0.51,8.9,37.24,95.0,23.6,20.44,44.62,52.343333333333334,-15.72333333333333
230.49,0.02,0.75,9.66,37.24,95.0,23.6,19.62,45.32,51.53,-22.97
230.53,0.27,2.05,8.99,37.24,95.0,23.6,20.32,48.32,51.93666666666667,-31.426666666666662
230.57,0.27,3.85,9.31,37.24,95.0,23.6,20.09,45.32,49.900000000000006,-39.07666666666666
230.61,0.13,3.15,9.37,37.24,95.0,23.6,21.02,44.62,49.083333333333336,-44.71333333333333
230.65,0.26,2.57,9.13,37.24,95.0,23.6,20.44,44.28,45.01,-48.74
230.69,0.23,1.58,9.15,37.24,95.0,23.6,19.74,46.04,43.38,-52.36333333333334
230.73,0.17,2.15,9.03,37.24,95.0,23.6,20.21,45.68,41.34333333333334,-54.779999999999994
230.77,0.19,3.43,9.18,37.24,95.0,23.6,20.44,42.96,37.67666666666667,-55.18
230.81,0.69,3.35,9.46,37.24,95.0,23.6,19.62,45.68,31.566666666666666,-51.153333333333336
230.85,-0.08,2.1,8.94,37.24,95.0,23.6,20.67,44.62,23.82666666666667,-45.919999999999995
230.89,0.71,0.65,9.25,37.24,95.0,23.6,19.86,46.04,18.12333333333334,-38.67333333333334
230.93,0.28,0.28,8.77,37.24,95.0,23.6,19.97,44.28,12.420000000000003,-32.63666666666666
230.97,0.15,0.62,8.77,37.24,95.0,23.6,19.62,45.68,5.903333333333339,-23.376666666666665
231.01,0.33,0.29,9.05,37.24,95.0,23.6,20.09,46.04,-1.0199999999999954,-14.923333333333332
231.05,0.2,-1.09,8.99,37.24,95.0,23.6,19.86,45.32,-9.169999999999996,-4.856666666666665
231.09,0.07,-1.58,8.93,37.24,95.0,23.6,19.62,45.32,-18.946666666666662,5.210000000000003
231.13,-0.22,-1.91,8.87,37.24,95.0,23.6,20.09,46.04,-29.539999999999992,16.080000000000002
231.17,-0.4,-2.01,8.88,37.24,95.0,23.6,20.9,44.28,-39.31666666666666,24.936666666666667
231.21,0.27,-2.62,8.81,37.24,95.0,23.6,19.51,44.97,-47.87333333333333,31.78
231.25,0.28,-3.68,9.21,37.24,95.0,23.6,20.44,44.28,-53.169999999999995,37.41666666666667
231.29,0.03,-3.77,8.06,37.24,95.0,23.6,19.97,44.62,-58.46333333333333,44.663333333333334
231.33,0.17,-3.92,9.17,37.24,95.0,23.6,20.32,45.68,-59.68333333333333,47.88333333333333
231.37,0.26,-3.21,8.45,37.24,95.0,23.6,19.74,44.62,-60.90333333333333,51.10333333333333
231.41,-0.31,-3.11,9.28,37.24,95.0,23.6,19.62,45.32,-61.31333333333333,51.50666666666667
231.45,0.39,-3.05,9.02,37.24,95.0,23.6,19.62,46.78,-57.24,52.31333333333333
231.49,0.11,-2.75,8.43,37.24,95.0,23.6,19.39,45.32,-50.72333333333333,51.10666666666666
231.53,0.06,-3.14,8.65,37.24,95.0,23.6,20.21,45.68,-39.31666666666666,50.70333333333334
231.57,0.05,-3.8,9.21,37.24,95.0,23.6,19.62,45.68,-30.356666666666666,49.49666666666667
231.61,0.38,-3.11,8.77,37.24,95.0,23.6,19.74,45.68,-18.949999999999996,49.49666666666667
231.65,0.2,-1.88,9.03,37.24,95.0,23.6,19.86,46.04,-9.579999999999997,45.873333333333335
231.69,0.03,-0.9,9.07,37.24,95.0,23.6,19.39,45.32,2.643333333333338,40.64000000000001
231.73,0.66,-1.27,8.66,37.24,95.0,23.6,21.94,44.62,9.976666666666672,35.406666666666666
231.77,0.02,-1.3,9.2,37.24,95.0,23.6,18.92,46.04,17.716666666666672,32.18666666666667
231.81,0.33,-1.46,8.98,37.24,95.0,23.6,19.62,45.68,24.233333333333338,29.36666666666667
231.85,0.37,-1.02,9.03,37.24,95.0,23.6,20.09,46.04,31.97333333333334,22.923333333333336
231.89,0.3,-0.32,9.23,37.24,95.0,23.6,20.56,44.62,38.9,15.67666666666667
231.93,0.18,0.69,8.91,37.24,95.0,23.6,20.56,46.04,43.79,6.013333333333336
231.97,0.06,0.76,9.11,37.24,95.0,23.6,20.21,45.68,49.49333333333334,0.3766666666666693
232.01,0.09,0.85,8.99,37.24,95.0,23.6,21.13,44.28,51.93666666666667,-8.479999999999997
232.05,-0.18,0.57,9.16,37.24,95.0,23.6,20.21,44.62,54.78666666666667,-15.726666666666665
232.09,0.49,0.87,9.11,37.24,95.0,23.6,20.67,46.41,54.38,-23.776666666666667
232.13,0.38,1.84,9.03,37.24,95.0,23.6,19.51,44.62,53.973333333333336,-29.013333333333332
232.17,0.21,3.4,9.03,37.24,95.0,23.6,19.97,44.28,51.53,-35.85666666666666
232.21,0.27,2.56,9.61,37.24,95.0,23.6,20.09,44.62,49.49333333333334,-41.089999999999996
232.25,0.11,2.8,9.42,37.24,95.0,23.6,20.56,44.28,46.64333333333334,-46.32333333333333
232.29,0.09,1.27,9.38,37.24,95.0,23.6,20.79,44.62,42.163333333333334,-48.336666666666666
232.33,0.1,1.55,9.73,37.24,95.0,23.6,20.9,44.62,37.68000000000001,-52.76666666666666
232.37,0.37,2.53,9.56,37.24,95.0,23.6,18.92,45.32,35.64000000000001,-56.38999999999999
232.41,0.65,2.85,9.73,37.24,95.0,23.6,20.32,46.78,31.15666666666667,-55.98666666666666
232.45,0.25,1.98,9.28,37.24,95.0,23.6,19.97,44.28,27.900000000000006,-52.36333333333334
232.49,0.27,2.05,9.96,37.24,95.0,23.6,20.32,46.04,19.75333333333334,-43.50666666666666
232.53,0.22,1.08,8.67,37.24,95.0,23.6,19.27,44.28,13.643333333333336,-33.44333333333333
232.57,0.58,0.2,9.51,37.24,95.0,23.6,16.89,46.04,5.0866666666666704,-22.169999999999998
232.61,0.24,0.67,8.98,37.24,95.0,23.6,20.79,47.54,-1.4299999999999955,-13.713333333333331
232.65,0.12,-0.42,8.94,37.24,95.0,23.6,20.09,44.28,-9.169999999999995,-5.6599999999999975
232.69,0.15,-1.58,8.8,37.24,95.0,23.6,20.21,44.28,-16.909999999999993,2.793333333333336
232.73,0.37,-2.16,9.02,37.24,95.0,23.6,20.56,46.04,-26.27999999999999,12.053333333333336
232.77,0.47,-2.57,9.32,37.24,95.0,23.6,19.39,46.04,-35.24333333333333,22.52
232.81,0.32,-1.6,9.28,37.24,95.0,23.6,19.51,45.32,-45.426666666666655,31.380000000000006
232.85,0.95,-4.08,9.51,37.24,95.0,23.6,20.44,45.32,-53.166666666666664,39.43333333333334
232.89,0.77,-3.8,8.84,37.24,95.0,23.6,20.32,46.04,-60.089999999999996,44.26666666666667
232.93,0.71,-4.02,9.06,37.24,95.0,23.6,19.86,46.04,-63.75666666666666,49.903333333333336
232.97,0.66,-3.84,9.01,37.24,95.0,23.6,19.51,44.97,-66.20333333333333,52.72
233.01,0.45,-4.01,9.27,37.24,95.0,23.6,20.09,46.04,-65.39,53.120000000000005
233.05,0.17,-3.33,9.16,37.24,95.0,23.6,19.86,46.04,-62.94666666666666,52.71666666666667
233.09,0.41,-2.71,8.99,37.24,95.0,23.6,20.09,46.04,-56.01999999999999,51.51
233.13,0.53,-2.99,8.81,37.24,95.0,23.6,20.21,44.28,-47.056666666666665,52.31666666666667
233.17,0.1,-3.25,8.71,37.24,95.0,23.6,19.39,45.68,-34.83333333333333,51.10666666666666
233.21,0.21,-3.44,9.17,37.24,95.0,23.6,18.56,43.28,-21.796666666666663,50.70333333333334
233.25,0.36,-2.39,8.91,37.24,95.0,23.6,20.44,44.62,-9.983333333333329,47.88666666666668
233.29,0.16,-1.25,9.55,37.24,95.0,23.6,20.21,45.68,-0.20666666666666225,43.46
233.33,0.58,-0.51,8.83,37.24,95.0,23.6,20.09,47.15,7.126666666666671,38.63
233.37,0.27,-1.26,9.33,37.24,95.0,23.6,19.74,45.68,16.903333333333336,33.39333333333334
233.41,0.19,-1.73,9.25,37.24,95.0,23.6,19.97,46.41,25.863333333333333,27.75666666666667
233.45,-0.03,-1.25,9.06,37.24,95.0,23.6,20.67,45.68,34.826666666666675,21.71666666666667
233.49,0.14,-0.4,8.92,37.24,95.0,23.6,20.44,43.94,39.31,14.470000000000004
233.53,0.18,0.52,9.1,37.24,95.0,23.6,20.09,46.04,43.793333333333344,6.820000000000003
233.57,0.6,0.77,8.95,37.24,95.0,23.6,20.21,46.41,48.27333333333334,0.376666666666669
233.61,0.21,0.88,8.92,37.24,95.0,23.6,21.36,44.28,52.34666666666667,-8.076666666666664
233.65,0.2,0.66,8.52,37.24,95.0,23.6,20.21,45.68,54.79,-13.713333333333331
233.69,0.01,0.94,9.13,37.24,95.0,23.6,20.44,44.28,53.160000000000004,-22.97333333333333
233.73,-0.14,1.4,9.28,37.24,95.0,23.6,19.86,46.04,51.123333333333335,-28.206666666666667
233.77,0.2,3.16,9.32,37.24,95.0,23.6,19.39,44.97,48.27333333333334,-36.26
233.81,0.31,3.04,9.27,37.24,95.0,23.6,19.39,47.92,46.23666666666667,-39.88333333333333
233.85,0.31,2.73,9.25,37.24,95.0,23.6,20.21,44.62,44.606666666666676,-43.91
233.89,0.2,1.89,8.84,37.24,95.0,23.6,20.44,44.28,42.97666666666667,-48.74
233.93,0.05,2.15,9.17,37.24,95.0,23.6,20.32,46.04,40.53333333333334,-53.166666666666664
233.97,0.31,2.88,9.3,37.24,95.0,23.6,20.56,46.04,36.866666666666674,-57.19333333333333
234.01,0.61,3.56,8.84,37.24,95.0,23.6,16.29,44.62,33.20000000000001,-55.98666666666667
234.05,0.52,2.28,9.08,37.24,95.0,23.6,19.51,46.04,27.49666666666667,-52.36333333333332
234.09,1.0,1.79,8.5,37.24,95.0,23.6,20.09,46.41,23.830000000000002,-46.72666666666667
234.13,-0.12,-0.11,9.23,37.24,95.0,23.6,19.86,46.78,15.273333333333339,-36.66
234.17,-0.24,1.28,8.68,37.24,95.0,23.6,19.51,45.68,9.976666666666672,-26.193333333333328
234.21,0.21,0.91,9.19,37.24,95.0,23.6,19.97,44.28,1.013333333333338,-15.726666666666665
234.25,0.05,0.27,8.8,37.24,95.0,23.6,20.44,44.62,-5.503333333333329,-5.663333333333331
234.29,-0.11,-1.17,8.95,37.24,95.0,23.6,20.56,44.28,-14.87333333333333,4.403333333333335
234.33,-0.09,-2.06,8.57,37.24,95.0,23.6,20.21,45.68,-23.426666666666662,15.676666666666668
234.37,-0.29,-2.0,8.55,37.24,95.0,23.6,19.74,44.28,-32.79666666666666,24.536666666666672
234.41,-0.23,-2.78,9.03,37.24,95.0,23.6,20.09,44.62,-40.129999999999995,31.380000000000006
234.45,-0.39,-2.18,8.41,37.24,95.0,23.6,20.67,44.62,-49.09333333333333,36.61333333333334
234.49,0.3,-3.66,8.36,37.24,95.0,23.6,19.97,46.41,-55.203333333333326,41.443333333333335
234.53,0.03,-4.04,8.84,37.24,95.0,23.6,20.56,44.62,-60.5,46.67666666666667
234.57,-0.06,-3.18,8.83,37.24,95.0,23.6,19.62,46.04,-63.75999999999999,51.913333333333334
234.61,0.2,-3.28,8.31,37.24,95.0,23.6,20.44,44.62,-64.57666666666667,55.94
234.65,-0.15,-2.82,8.71,37.24,95.0,23.6,20.21,46.04,-61.31666666666666,57.953333333333326
234.69,0.38,-2.75,8.72,37.24,95.0,23.6,20.21,45.68,-52.353333333333325,57.14666666666667
234.73,0.22,-3.25,9.22,37.24,95.0,23.6,19.86,46.04,-44.61333333333332,55.53666666666667
234.77,0.13,-4.05,9.76,37.24,95.0,23.6,20.44,46.41,-34.019999999999996,52.31666666666666
234.81,0.07,-3.48,9.03,37.24,95.0,23.6,19.62,46.41,-26.279999999999998,51.51
234.85,0.31,-2.7,9.2,37.24,95.0,23.6,20.9,46.41,-13.649999999999997,49.49666666666667
234.89,0.32,-1.43,9.0,37.24,95.0,23.6,20.44,44.28,-4.279999999999995,45.470000000000006
234.93,0.63,-1.32,9.4,37.24,95.0,23.6,19.74,44.97,5.903333333333339,40.64
234.97,0.42,-1.09,8.93,37.24,95.0,23.6,16.77,45.68,13.236666666666672,35.81
235.01,0.31,-1.11,8.61,37.24,95.0,23.6,19.62,46.04,19.753333333333337,31.783333333333335
235.05,0.22,-1.12,9.01,37.24,95.0,23.6,20.79,46.04,27.903333333333336,24.536666666666665
235.09,0.18,-0.38,8.98,37.24,95.0,23.6,19.86,46.04,34.01333333333334,17.69
235.13,0.15,0.2,8.95,37.24,95.0,23.6,20.09,46.04,40.53,9.636666666666668
235.17,0.73,0.71,8.91,37.24,95.0,23.6,20.09,46.04,44.196666666666665,4.000000000000003
235.21,0.78,0.88,9.03,37.24,95.0,23.6,19.97,45.68,47.86333333333334,-4.4533333333333305
235.25,0.53,0.46,8.71,37.24,95.0,23.6,19.39,46.04,51.940000000000005,-11.296666666666665
235.29,0.42,0.87,8.99,37.24,95.0,23.6,20.56,44.62,53.160000000000004,-18.543333333333333
235.33,0.01,1.35,8.92,37.24,95.0,23.6,19.97,44.28,51.93666666666667,-26.596666666666664
235.37,0.2,2.61,8.8,37.24,95.0,23.6,19.74,44.62,49.89666666666667,-34.24666666666666
235.41,0.15,3.16,9.1,37.24,95.0,23.6,19.97,45.32,49.89666666666667,-42.29999999999999
235.45,0.28,3.33,9.1,37.24,95.0,23.6,19.86,44.62,51.120000000000005,-46.72666666666667
235.49,0.29,2.38,8.94,37.24,95.0,23.6,20.21,44.62,47.046666666666674,-49.13999999999999
235.53,0.18,1.43,9.46,37.24,95.0,23.6,20.56,44.62,42.56666666666667,-50.75
235.57,0.17,2.27,9.27,37.24,95.0,23.6,20.44,44.28,37.27,-53.166666666666664
235.61,0.26,3.18,9.19,37.24,95.0,23.6,19.86,46.04,32.79,-54.78
235.65,0.25,3.21,8.86,37.24,95.0,23.6,19.39,46.04,29.53,-53.56999999999999
235.69,0.55,1.35,8.91,37.24,95.0,23.6,20.44,45.68,23.01333333333334,-47.129999999999995
235.73,0.01,-0.28,9.89,37.24,95.0,23.6,20.09,46.04,17.310000000000006,-39.48
235.77,0.22,0.64,8.84,37.24,95.0,23.6,20.44,44.62,9.976666666666672,-28.61
235.81,0.46,0.5,9.11,37.24,95.0,23.6,20.9,44.28,3.456666666666672,-19.749999999999996
235.85,0.43,0.29,9.0,37.24,95.0,23.6,18.68,47.92,-4.689999999999995,-8.07333333333333
235.89,0.37,-1.22,9.05,37.24,95.0,23.6,19.39,45.68,-13.649999999999997,1.990000000000002
235.93,0.31,-2.0,9.04,37.24,95.0,23.6,20.44,44.28,-21.796666666666663,10.84666666666667
235.97,0.51,-2.65,8.95,37.24,95.0,23.6,20.44,44.62,-29.53666666666666,19.703333333333337
236.01,0.38,-1.98,8.96,37.24,95.0,23.6,20.21,46.04,-37.276666666666664,26.55
236.05,-0.13,-1.94,8.59,37.24,95.0,23.6,20.09,45.68,-44.20333333333334,34.2
236.09,0.29,-2.72,8.45,37.24,95.0,23.6,19.86,45.32,-50.31666666666666,38.22666666666667
236.13,0.2,-4.11,8.55,37.24,95.0,23.6,21.02,45.68,-56.43,44.666666666666664
236.17,0.08,-4.06,8.53,37.24,95.0,23.6,19.39,46.04,-62.54,49.900000000000006
236.21,-0.18,-3.48,9.16,37.24,95.0,23.6,19.39,45.68,-64.16666666666667,54.330000000000005
236.25,0.42,-3.42,9.08,37.24,95.0,23.6,20.21,44.28,-63.35,55.13666666666666
236.29,0.14,-3.32,9.17,37.24,95.0,23.6,19.97,44.97,-58.46,54.330000000000005
236.33,0.3,-3.49,9.43,37.24,95.0,23.6,19.86,45.68,-51.53666666666667,51.51
236.37,0.49,-3.69,9.22,37.24,95.0,23.6,20.67,44.62,-42.166666666666664,49.49666666666667
236.41,0.45,-3.14,8.94,37.24,95.0,23.6,19.86,45.68,-29.94666666666667,47.083333333333336
236.45,0.07,-2.87,8.95,37.24,95.0,23.6,20.9,45.68,-19.353333333333335,46.28
236.49,0.36,-2.27,8.93,37.24,95.0,23.6,20.09,46.04,-8.356666666666667,43.86333333333334
236.53,0.26,-1.74,9.36,37.24,95.0,23.6,20.21,44.28,1.013333333333333,42.25
236.57,0.49,-1.11,8.94,37.24,95.0,23.6,19.86,46.04,10.383333333333333,38.223333333333336
236.61,-0.02,-1.08,9.0,37.24,95.0,23.6,19.62,46.04,20.16333333333333,33.79333333333334
236.65,0.24,-0.99,9.0,37.24,95.0,23.6,20.44,44.62,27.903333333333336,28.15666666666667
236.69,0.39,-0.69,9.05,37.24,95.0,23.6,20.21,44.28,35.23666666666667,20.910000000000004
236.73,0.5,-0.11,9.14,37.24,95.0,23.6,20.9,45.68,39.71666666666667,12.860000000000001
236.77,0.33,0.25,9.3,37.24,95.0,23.6,20.9,46.41,46.23666666666667,4.003333333333336
236.81,0.38,0.51,9.27,37.24,95.0,23.6,19.15,46.04,49.086666666666666,-3.6466666666666643
236.85,0.33,0.51,8.73,37.24,95.0,23.6,19.39,46.04,51.123333333333335,-10.49333333333333
236.89,-0.15,0.79,8.98,37.24,95.0,23.6,20.44,44.62,51.123333333333335,-16.129999999999995
236.93,-0.09,1.44,9.7,37.24,95.0,23.6,20.44,44.28,51.93666666666667,-23.779999999999998
236.97,0.45,1.98,8.53,37.24,95.0,23.6,20.9,44.62,50.71333333333333,-31.02666666666666
237.01,0.19,3.12,9.09,37.24,95.0,23.6,19.86,45.68,48.67666666666667,-39.48
237.05,0.27,2.94,9.34,37.24,95.0,23.6,19.97,44.62,47.45666666666667,-43.10333333333333
237.09,0.2,2.2,9.25,37.24,95.0,23.6,21.36,44.28,46.23666666666667,-48.74
237.13,0.19,1.7,9.13,37.24,95.0,23.6,20.21,44.28,42.57,-51.156666666666666
237.17,0.36,2.09,9.13,37.24,95.0,23.6,20.44,44.62,37.68,-53.57333333333333
237.21,0.52,3.24,9.1,37.24,95.0,23.6,19.39,46.04,34.82666666666667,-52.76666666666667
237.25,0.18,3.69,9.43,37.24,95.0,23.6,19.86,46.04,30.343333333333334,-51.15666666666666
237.29,-0.15,1.53,9.12,37.24,95.0,23.6,20.21,44.28,25.456666666666667,-46.32333333333333
237.33,0.6,0.36,8.55,37.24,95.0,23.6,20.44,44.62,19.753333333333334,-38.67333333333333
237.37,0.44,0.82,9.13,37.24,95.0,23.6,20.67,44.28,12.829999999999998,-30.216666666666665
237.41,0.35,0.42,8.55,37.24,95.0,23.6,21.48,46.04,5.903333333333332,-20.15333333333333
237.45,0.62,0.97,8.85,37.24,95.0,23.6,19.39,45.32,-2.243333333333333,-12.503333333333329
237.49,0.3,-0.67,8.89,37.24,95.0,23.6,20.09,46.04,-10.393333333333333,-2.843333333333329
237.53,0.02,-1.81,8.85,37.24,95.0,23.6,20.44,44.62,-20.576666666666668,6.820000000000005
237.57,0.17,-2.35,8.68,37.24,95.0,23.6,20.44,44.62,-30.76,18.49333333333334
237.61,0.08,-2.32,8.58,37.24,95.0,23.6,19.39,46.04,-39.72,28.156666666666677
237.65,0.32,-2.09,8.73,37.24,95.0,23.6,20.9,44.62,-48.27666666666667,34.59666666666667
237.69,0.34,-2.57,8.36,37.24,95.0,23.6,20.09,46.04,-55.20333333333334,39.02666666666667
237.73,0.26,-3.99,8.67,37.24,95.0,23.6,19.86,46.04,-61.31666666666667,43.86000000000001
237.77,0.04,-3.0,8.28,37.24,95.0,23.6,19.62,46.04,-64.57666666666667,47.48333333333334
237.81,0.37,-3.39,8.69,37.24,95.0,23.6,19.74,46.41,-65.8,49.900000000000006
237.85,0.17,-2.92,8.73,37.24,95.0,23.6,20.9,44.28,-63.76000000000001,50.30000000000001
237.89,0.11,-2.58,8.63,37.24,95.0,23.6,19.62,47.92,-59.27666666666667,51.51000000000001
237.93,0.05,-2.65,8.61,37.24,95.0,23.6,20.32,46.04,-52.35,51.910000000000004
237.97,0.23,-3.75,9.21,37.24,95.0,23.6,20.67,46.04,-41.760000000000005,50.30000000000001
238.01,0.16,-3.77,9.23,37.24,95.0,23.6,19.86,46.04,-30.35333333333334,47.88333333333335
238.05,0.24,-2.86,8.86,37.24,95.0,23.6,20.09,46.04,-18.133333333333336,45.873333333333335
238.09,0.37,-1.9,9.04,37.24,95.0,23.6,20.09,45.68,-7.9500000000000055,45.873333333333335
238.13,0.56,-1.21,8.77,37.24,95.0,23.6,20.44,44.97,3.0499999999999954,41.44666666666668
238.17,0.65,-1.45,9.05,37.24,95.0,23.6,19.97,44.28,10.383333333333328,37.42000000000001
238.21,0.45,-1.26,8.91,37.24,95.0,23.6,20.9,44.62,17.71666666666666,32.59000000000001
238.25,0.17,-1.19,8.77,37.24,95.0,23.6,20.32,46.04,23.009999999999994,28.963333333333342
238.29,0.16,-0.81,9.15,37.24,95.0,23.6,20.09,45.32,31.159999999999997,22.923333333333343
238.33,0.13,-0.27,9.15,37.24,95.0,23.6,21.13,44.97,39.71666666666666,13.26000000000001
238.37,0.27,0.59,8.98,37.24,95.0,23.6,20.44,44.28,46.643333333333324,4.000000000000007
238.41,0.16,0.55,9.19,37.24,95.0,23.6,20.09,46.04,49.49333333333333,-3.6499999999999932
238.45,0.34,0.35,9.16,37.24,95.0,23.6,20.79,46.04,50.71333333333333,-10.089999999999995
238.49,0.5,0.22,8.39,37.24,95.0,23.6,20.44,44.28,53.15666666666666,-18.139999999999997
238.53,0.28,1.1,8.77,37.24,95.0,23.6,20.09,46.04,52.74999999999999,-24.98333333333333
238.57,0.2,1.68,9.15,37.24,95.0,23.6,20.09,44.62,53.15999999999999,-31.023333333333326
238.61,0.16,3.75,8.89,37.24,95.0,23.6,19.74,45.68,50.309999999999995,-33.84333333333333
238.65,0.2,2.72,9.52,37.24,95.0,23.6,21.02,46.04,49.49333333333332,-39.48
238.69,0.16,2.35,9.49,37.24,95.0,23.6,19.62,45.68,47.86333333333332,-44.71333333333333
238.73,0.14,1.56,9.11,37.24,95.0,23.6,20.79,44.28,45.826666666666654,-50.349999999999994
238.77,0.14,1.97,9.26,37.24,95.0,23.6,20.09,44.62,43.78999999999999,-53.97333333333332
238.81,0.38,2.99,9.39,37.24,95.0,23.6,20.32,45.32,38.493333333333325,-56.389999999999986
238.85,0.38,3.08,9.49,37.24,95.0,23.6,20.44,43.94,32.383333333333326,-55.98666666666666
238.89,0.34,1.61,8.89,37.24,95.0,23.6,20.44,44.28,26.273333333333326,-53.56999999999999
238.93,0.16,1.4,8.82,37.24,95.0,23.6,19.86,46.04,19.34666666666666,-45.919999999999995
238.97,-0.19,0.72,8.91,37.24,95.0,23.6,20.56,46.04,14.049999999999992,-37.86666666666665
239.01,0.29,0.28,8.79,37.24,95.0,23.6,20.44,44.62,7.123333333333329,-24.583333333333325
239.05,0.24,0.52,8.84,37.24,95.0,23.6,20.21,47.92,-0.20666666666667174,-12.50666666666666
239.09,0.03,-0.23,8.83,37.24,95.0,23.6,19.86,46.04,-9.98333333333334,-0.026666666666659584
239.13,-0.09,-0.91,8.74,37.24,95.0,23.6,20.44,44.28,-19.350000000000005,7.623333333333339
239.17,0.46,-1.94,8.88,37.24,95.0,23.6,19.62,46.04,-29.130000000000006,16.08000000000001
239.21,0.21,-2.19,9.15,37.24,95.0,23.6,20.09,46.04,-37.686666666666675,22.923333333333343
239.25,0.25,-3.21,9.08,37.24,95.0,23.6,20.09,44.62,-44.613333333333344,31.780000000000012
239.29,0.01,-2.88,8.14,37.24,95.0,23.6,20.09,46.04,-50.723333333333336,37.41666666666667
239.33,0.58,-3.65,9.11,37.24,95.0,23.6,19.86,46.04,-56.02,45.470000000000006
239.37,-0.39,-3.22,8.29,37.24,95.0,23.6,20.09,44.62,-60.09333333333334,49.09333333333334
239.41,0.14,-3.63,9.09,37.24,95.0,23.6,19.62,46.04,-63.76000000000001,52.71666666666667
239.45,-0.17,-2.95,8.59,37.24,95.0,23.6,18.92,44.62,-61.31333333333334,51.910000000000004
239.49,0.3,-2.95,8.79,37.24,95.0,23.6,19.97,44.62,-59.68333333333334,53.120000000000005
239.53,0.23,-3.23,9.48,37.24,95.0,23.6,19.86,46.04,-51.53333333333334,51.51000000000001
239.57,0.3,-3.48,9.29,37.24,95.0,23.6,20.44,44.62,-42.16333333333334,51.51000000000001
239.61,0.19,-3.82,9.57,37.24,95.0,23.6,18.09,44.62,-30.350000000000005,50.30000000000001
239.65,0.18,-3.35,9.14,37.24,95.0,23.6,20.56,45.68,-20.573333333333338,49.896666666666675
239.69,0.18,-2.5,9.17,37.24,95.0,23.6,19.62,46.04,-13.243333333333338,47.48333333333334
239.73,0.55,-1.46,8.98,37.24,95.0,23.6,20.44,44.28,-4.280000000000005,42.65333333333334
239.77,0.26,-1.18,9.21,37.24,95.0,23.6,20.44,44.62,7.1266666666666625,39.03000000000001
239.81,0.46,-0.75,8.72,37.24,95.0,23.6,20.21,44.62,16.089999999999996,35.40666666666667
239.85,0.42,-1.31,8.95,37.24,95.0,23.6,19.97,45.68,23.013333333333332,31.783333333333342
239.89,0.39,-1.14,9.16,37.24,95.0,23.6,21.02,46.04,30.75333333333333,23.730000000000008
239.93,0.34,-0.33,9.19,37.24,95.0,23.6,19.86,46.04,37.68,16.88333333333334
239.97,0.41,0.69,9.13,37.24,95.0,23.6,20.56,44.62,45.01333333333333,10.040000000000008
240.01,0.57,0.79,9.02,37.24,95.0,23.6,22.28,44.28,49.086666666666666,3.196666666666674
240.05,0.45,0.73,8.98,37.24,95.0,23.6,19.86,46.04,52.34333333333333,-5.659999999999992
240.09,-0.33,0.43,9.23,37.24,95.0,23.6,19.39,46.04,52.74999999999999,-13.713333333333324
240.13,0.45,0.22,8.96,37.24,95.0,23.6,20.21,45.32,51.526666666666664,-21.766666666666662
240.17,0.03,1.85,9.2,37.24,95.0,23.6,19.97,44.62,49.9,-28.20666666666666
240.21,0.3,3.37,9.16,37.24,95.0,23.6,20.44,43.94,48.26999999999999,-35.453333333333326
240.25,0.18,3.21,9.34,37.24,95.0,23.6,23.08,45.32,48.676666666666655,-39.879999999999995
240.29,0.21,3.13,9.32,37.24,95.0,23.6,18.92,46.04,46.22999999999999,-45.11333333333332
240.33,0.08,1.55,9.19,37.24,95.0,23.6,20.44,44.28,43.78666666666666,-49.94333333333333
240.37,0.21,1.97,9.33,37.24,95.0,23.6,20.67,44.62,37.26999999999999,-52.76333333333332
240.41,0.38,3.07,9.0,37.24,95.0,23.6,19.97,44.28,34.82666666666666,-55.58333333333332
240.45,0.55,3.65,8.69,37.24,95.0,23.6,19.15,46.04,29.939999999999994,-53.56999999999999
240.49,0.56,1.28,9.58,37.24,95.0,23.6,19.86,45.68,26.273333333333326,-52.35999999999999
240.53,0.95,1.01,8.86,37.24,95.0,23.6,20.44,44.28,20.97666666666666,-47.12666666666666
240.57,0.83,-0.44,9.15,37.24,95.0,23.6,20.44,44.62,16.086666666666662,-38.26999999999999
240.61,-0.02,1.04,9.24,37.24,95.0,23.6,20.56,44.62,10.789999999999994,-26.193333333333324
240.65,-0.27,0.8,8.91,37.24,95.0,23.6,20.21,45.68,3.0499999999999954,-12.90666666666666
240.69,0.08,0.12,9.01,37.24,95.0,23.6,20.09,46.04,-5.913333333333338,-4.049999999999993
240.73,0.12,-0.72,8.98,37.24,95.0,23.6,20.21,44.97,-15.283333333333339,4.40333333333334
240.77,0.37,-1.76,8.99,37.24,95.0,23.6,19.74,46.04,-25.46666666666667,12.856666666666674
240.81,0.57,-2.71,8.92,37.24,95.0,23.6,20.9,45.68,-33.20666666666667,22.52000000000001
240.85,-0.01,-2.35,8.88,37.24,95.0,23.6,19.39,46.04,-43.39000000000001,30.976666666666677
240.89,-0.28,-3.02,8.75,37.24,95.0,23.6,20.44,43.94,-50.723333333333336,36.613333333333344
240.93,-0.15,-3.07,8.51,37.24,95.0,23.6,20.21,45.68,-58.870000000000005,42.25000000000001
240.97,0.3,-3.45,8.87,37.24,95.0,23.6,20.44,44.62,-62.13,48.29
241.01,0.03,-3.78,8.32,37.24,95.0,23.6,20.56,44.28,-64.98333333333333,54.330000000000005
241.05,-0.04,-3.56,8.81,37.24,95.0,23.6,19.86,46.04,-64.57666666666667,55.940000000000005
241.09,0.21,-2.94,8.89,37.24,95.0,23.6,22.4,46.04,-60.09333333333334,53.92666666666668
241.13,0.36,-2.43,9.02,37.24,95.0,23.6,20.21,44.28,-52.76000000000001,51.913333333333334
241.17,0.23,-2.72,9.01,37.24,95.0,23.6,20.56,44.28,-41.76000000000001,51.51000000000001
241.21,0.07,-4.1,9.62,37.24,95.0,23.6,20.9,44.62,-34.02000000000001,52.31333333333334
241.25,0.14,-3.37,9.14,37.24,95.0,23.6,20.44,44.62,-23.426666666666677,51.51000000000001
241.29,0.29,-2.6,8.95,37.24,95.0,23.6,19.39,46.04,-16.093333333333344,49.49666666666667
241.33,0.34,-1.45,8.91,37.24,95.0,23.6,20.21,44.97,-5.91000000000001,45.070000000000014
241.37,0.5,-1.26,9.36,37.24,95.0,23.6,19.86,46.04,1.8299999999999905,39.83666666666667
241.41,0.22,-1.04,9.2,37.24,95.0,23.6,20.67,45.68,11.19999999999999,34.20000000000001
241.45,-0.11,-1.26,8.96,37.24,95.0,23.6,20.09,45.68,18.533333333333324,30.173333333333343
241.49,0.02,-1.41,8.91,37.24,95.0,23.6,20.09,46.04,27.086666666666655,24.13333333333334
241.53,0.02,-0.56,8.91,37.24,95.0,23.6,20.09,44.62,36.456666666666656,18.90000000000001
241.57,0.36,0.44,9.04,37.24,95.0,23.6,19.86,44.97,42.97333333333332,11.250000000000007
241.61,0.44,1.06,9.01,37.24,95.0,23.6,20.09,45.32,50.30666666666665,5.210000000000007
241.65,0.78,0.78,9.32,37.24,95.0,23.6,19.62,46.04,51.933333333333316,-3.6466666666666594
241.69,0.18,0.34,8.99,37.24,95.0,23.6,20.44,44.28,53.96999999999999,-11.29666666666666
241.73,0.33,0.22,9.4,37.24,95.0,23.6,21.48,45.68,50.71333333333333,-18.946666666666662
241.77,0.27,1.29,9.07,37.24,95.0,23.6,20.21,44.28,49.49333333333333,-24.98666666666666
241.81,0.48,2.0,9.39,37.24,95.0,23.6,20.9,44.62,47.04999999999999,-31.42666666666666
241.85,0.52,3.54,9.16,37.24,95.0,23.6,19.86,46.04,45.826666666666654,-38.26999999999999
241.89,0.26,3.31,8.91,37.24,95.0,23.6,21.25,46.04,45.41999999999999,-46.32333333333332
241.93,0.4,1.83,9.12,37.24,95.0,23.6,20.32,45.68,42.97666666666666,-51.15666666666666
241.97,0.11,1.57,9.09,37.24,95.0,23.6,20.9,44.62,41.75333333333332,-55.18333333333333
242.01,0.24,2.01,9.12,37.24,95.0,23.6,20.21,44.97,37.26999999999999,-55.583333333333336
242.05,0.43,2.97,9.26,37.24,95.0,23.6,19.86,46.04,33.60333333333332,-55.98666666666666
242.09,0.21,2.84,9.0,37.24,95.0,23.6,18.45,44.62,29.936666666666657,-53.16666666666666
242.13,0.79,1.79,8.9,37.24,95.0,23.6,19.86,46.04,23.826666666666657,-47.129999999999995
242.17,0.12,1.31,9.34,37.24,95.0,23.6,19.86,44.62,20.56666666666666,-39.883333333333326
242.21,0.5,0.59,9.35,37.24,95.0,23.6,21.02,45.32,11.606666666666655,-29.013333333333332
242.25,0.37,0.44,9.33,37.24,95.0,23.6,20.21,44.28,5.496666666666656,-18.143333333333327
242.29,0.51,-0.34,9.41,37.24,95.0,23.6,20.21,47.15,-3.056666666666676,-6.063333333333326
242.33,0.3,-1.39,9.01,37.24,95.0,23.6,20.09,46.04,-12.02000000000001,2.7933333333333406
242.37,0.73,-2.02,9.09,37.24,95.0,23.6,19.39,46.04,-21.39000000000001,12.456666666666672
242.41,0.43,-2.39,9.36,37.24,95.0,23.6,20.21,45.68,-31.166666666666675,20.910000000000007
242.45,0.23,-2.31,8.99,37.24,95.0,23.6,20.44,44.62,-39.31333333333335,30.170000000000005
242.49,0.15,-2.77,9.28,37.24,95.0,23.6,19.62,46.04,-48.27666666666668,36.613333333333344
242.53,0.35,-3.33,9.37,37.24,95.0,23.6,20.09,46.04,-56.42666666666668,41.44666666666667
242.57,0.4,-4.06,8.66,37.24,95.0,23.6,20.09,46.04,-60.910000000000004,44.666666666666664
242.61,0.09,-4.44,9.11,37.24,95.0,23.6,20.44,44.62,-62.94666666666668,48.693333333333335
242.65,0.38,-3.7,8.59,37.24,95.0,23.6,20.21,44.28,-62.53666666666667,52.720000000000006
242.69,-0.0,-3.36,8.54,37.24,95.0,23.6,20.09,46.04,-60.50000000000001,54.73333333333334
242.73,0.24,-2.66,8.91,37.24,95.0,23.6,20.67,45.68,-55.20333333333334,52.720000000000006
242.77,0.31,-2.73,8.67,37.24,95.0,23.6,19.74,47.92,-46.650000000000006,52.31666666666667
242.81,0.41,-3.64,9.03,37.24,95.0,23.6,20.44,45.68,-37.28000000000001,51.51
242.85,0.35,-3.46,9.27,37.24,95.0,23.6,19.86,46.04,-27.50333333333334,50.70333333333334
242.89,0.11,-2.71,9.19,37.24,95.0,23.6,19.86,46.04,-19.356666666666676,47.48333333333334
242.93,0.34,-1.71,8.94,37.24,95.0,23.6,19.39,46.04,-10.80000000000001,43.86000000000001
242.97,0.44,-1.29,9.45,37.24,95.0,23.6,20.21,44.28,-2.653333333333343,41.84666666666667
243.01,0.48,-1.0,8.89,37.24,95.0,23.6,20.56,44.28,7.939999999999991,39.02666666666667
243.05,0.4,-1.23,8.82,37.24,95.0,23.6,20.9,46.04,17.716666666666658,33.793333333333344
243.09,0.16,-1.3,9.09,37.24,95.0,23.6,20.44,44.62,28.30999999999999,27.35333333333334
243.13,0.18,-0.76,9.14,37.24,95.0,23.6,20.21,44.28,36.04999999999999,20.913333333333338
243.17,0.25,0.21,9.06,37.24,95.0,23.6,19.62,45.32,44.603333333333325,13.26333333333334
243.21,0.2,0.67,8.97,37.24,95.0,23.6,19.86,45.68,48.676666666666655,4.806666666666672
243.25,-0.12,1.15,9.35,37.24,95.0,23.6,20.21,44.28,51.11999999999998,-2.8433333333333284
243.29,0.45,0.2,9.35,37.24,95.0,23.6,21.13,44.62,50.30666666666665,-9.686666666666662
243.33,0.13,0.26,9.27,37.24,95.0,23.6,19.62,46.04,50.30666666666665,-14.919999999999996
243.37,0.46,0.61,9.58,37.24,95.0,23.6,20.09,44.62,50.30666666666665,-22.569999999999997
243.41,-0.71,1.86,9.77,37.24,95.0,23.6,20.67,46.04,50.71333333333332,-28.609999999999996
243.45,0.29,3.47,9.18,37.24,95.0,23.6,20.21,44.62,51.12,-37.87
243.49,0.43,2.86,9.56,37.24,95.0,23.6,20.44,46.41,49.083333333333314,-45.923333333333325
243.53,0.05,1.95,9.5,37.24,95.0,23.6,20.09,46.04,45.41666666666666,-51.56
243.57,0.22,1.27,9.12,37.24,95.0,23.6,19.39,46.04,40.11999999999998,-53.57333333333333
243.61,0.13,1.91,9.38,37.24,95.0,23.6,20.56,44.62,36.859999999999985,-53.169999999999995
243.65,0.19,2.89,9.27,37.24,95.0,23.6,19.27,43.28,34.009999999999984,-53.97333333333333
243.69,-0.15,3.87,8.75,37.24,95.0,23.6,20.44,44.62,31.159999999999986,-51.96
243.73,-0.22,1.4,9.91,37.24,95.0,23.6,19.86,46.04,26.273333333333323,-49.94666666666666
243.77,0.01,0.33,9.36,37.24,95.0,23.6,19.86,46.04,19.346666666666657,-41.49333333333333
243.81,-0.02,1.28,9.03,37.24,95.0,23.6,20.56,46.04,12.829999999999991,-34.65
243.85,0.62,0.81,8.9,37.24,95.0,23.6,20.67,44.62,4.273333333333324,-22.573333333333334
243.89,0.51,0.46,8.83,37.24,95.0,23.6,20.44,44.62,-2.243333333333343,-11.299999999999997
243.93,0.39,-0.84,8.97,37.24,95.0,23.6,18.92,46.04,-12.430000000000009,1.183333333333336
243.97,0.17,-1.66,8.84,37.24,95.0,23.6,20.09,47.92,-21.39000000000001,10.043333333333337
244.01,0.16,-2.28,8.95,37.24,95.0,23.6,20.44,44.28,-31.166666666666675,16.486666666666668
244.05,-0.13,-2.06,8.85,37.24,95.0,23.6,19.86,45.68,-38.90666666666667,23.330000000000002
244.09,0.78,-2.92,9.4,37.24,95.0,23.6,20.44,44.28,-47.05666666666668,30.576666666666668
244.13,0.81,-3.5,9.38,37.24,95.0,23.6,19.74,46.04,-52.76000000000001,36.61333333333334
244.17,0.55,-3.31,8.69,37.24,95.0,23.6,19.97,45.68,-59.686666666666675,42.653333333333336
244.21,-0.02,-3.44,8.85,37.24,95.0,23.6,20.67,44.28,-62.94333333333335,46.276666666666664
244.25,0.15,-3.53,9.33,37.24,95.0,23.6,20.09,45.32,-64.57333333333335,50.70666666666667
244.29,0.12,-3.23,9.01,37.24,95.0,23.6,19.97,44.28,-61.720000000000006,51.51
244.33,0.33,-3.44,9.45,37.24,95.0,23.6,20.09,46.04,-55.20333333333334,51.51
244.37,0.2,-3.75,9.81,37.24,95.0,23.6,20.32,46.04,-48.28000000000001,50.703333333333326
244.41,0.37,-3.46,9.27,37.24,95.0,23.6,19.86,45.68,-38.09666666666667,49.093333333333334
244.45,0.23,-3.21,8.7,37.24,95.0,23.6,20.9,44.62,-29.950000000000006,49.093333333333334
244.49,0.21,-3.34,9.13,37.24,95.0,23.6,20.32,46.04,-20.986666666666675,46.68000000000001
244.53,0.3,-2.38,9.36,37.24,95.0,23.6,20.79,44.62,-13.246666666666677,46.276666666666664
244.57,0.53,-1.14,8.87,37.24,95.0,23.6,20.56,44.62,-3.4666666666666757,44.26333333333333
244.61,0.63,-0.94,9.2,37.24,95.0,23.6,20.56,46.04,5.903333333333324,39.43
244.65,0.5,-1.36,9.21,37.24,95.0,23.6,20.44,44.28,14.459999999999992,33.39333333333333
244.69,0.21,-1.53,8.94,37.24,95.0,23.6,20.09,45.32,22.606666666666655,25.743333333333336
244.73,0.25,-1.2,9.08,37.24,95.0,23.6,20.56,44.62,32.383333333333326,21.72
244.77,0.27,-0.51,9.08,37.24,95.0,23.6,19.86,46.04,42.566666666666656,14.469999999999999
244.81,-0.03,0.65,9.06,37.24,95.0,23.6,19.86,45.32,49.48999999999999,6.416666666666667
244.85,0.01,1.0,8.9,37.24,95.0,23.6,19.86,46.41,53.15666666666666,-2.8433333333333337
244.89,0.31,0.77,9.04,37.24,95.0,23.6,20.67,46.04,56.00999999999999,-10.893333333333333
244.93,-0.27,0.79,8.64,37.24,95.0,23.6,20.9,44.62,55.19666666666666,-16.930000000000003
244.97,-0.01,0.41,9.52,37.24,95.0,23.6,19.74,45.68,53.97333333333333,-22.166666666666668
245.01,0.54,1.72,8.78,37.24,95.0,23.6,20.44,44.28,50.30666666666665,-29.413333333333338
245.05,0.23,3.4,9.13,37.24,95.0,23.6,20.09,44.62,50.30666666666665,-35.050000000000004
245.09,0.17,3.04,9.18,37.24,95.0,23.6,19.86,44.97,47.86333333333332,-43.1
245.13,0.22,2.92,9.19,37.24,95.0,23.6,23.76,44.62,44.603333333333325,-46.32
245.17,0.19,1.62,9.34,37.24,95.0,23.6,20.44,44.28,40.52999999999999,-51.95666666666667
245.21,0.28,2.0,9.06,37.24,95.0,23.6,20.44,44.28,38.08666666666665,-55.18
245.25,0.1,3.11,9.4,37.24,95.0,23.6,20.9,44.62,34.41999999999999,-56.79333333333333
245.29,0.07,3.46,9.49,37.24,95.0,23.6,23.08,46.04,31.97666666666666,-55.586666666666666
245.33,0.4,2.68,8.76,37.24,95.0,23.6,19.86,46.04,25.866666666666656,-49.95000000000001
245.37,0.1,0.69,9.4,37.24,95.0,23.6,19.62,46.04,21.793333333333322,-42.300000000000004
245.41,0.1,0.34,9.2,37.24,95.0,23.6,20.21,44.97,14.053333333333326,-33.44333333333333
245.45,0.34,0.11,9.17,37.24,95.0,23.6,19.97,45.68,7.126666666666657,-23.78
245.49,0.32,0.15,9.38,37.24,95.0,23.6,19.62,46.04,-0.6133333333333427,-12.909999999999998
245.53,-0.01,0.03,8.82,37.24,95.0,23.6,19.62,45.32,-9.576666666666677,-1.6366666666666667
245.57,0.05,-1.37,8.85,37.24,95.0,23.6,19.62,45.32,-17.723333333333343,9.233333333333333
245.61,0.6,-2.27,9.01,37.24,95.0,23.6,20.44,44.28,-26.686666666666678,15.273333333333333
245.65,0.86,-2.88,9.5,37.24,95.0,23.6,19.86,45.68,-36.05666666666667,22.116666666666664
245.69,0.08,-1.68,8.67,37.24,95.0,23.6,20.32,46.04,-44.613333333333344,27.353333333333335
245.73,0.88,-3.18,9.56,37.24,95.0,23.6,19.86,46.04,-53.573333333333345,35.406666666666666
245.77,0.27,-3.04,9.1,37.24,95.0,23.6,20.44,44.28,-59.27666666666668,40.64333333333333
245.81,0.47,-4.03,9.49,37.24,95.0,23.6,20.09,46.04,-64.98000000000002,46.68
245.85,0.72,-4.39,9.73,37.24,95.0,23.6,20.09,44.62,-65.79666666666668,50.70666666666667
245.89,0.51,-4.58,9.41,37.24,95.0,23.6,20.44,45.68,-64.16666666666667,54.73
245.93,0.25,-3.8,9.38,37.24,95.0,23.6,20.56,44.62,-57.24000000000001,56.74333333333334
245.97,0.1,-3.99,9.66,37.24,95.0,23.6,20.32,46.04,-49.50000000000001,54.326666666666675
246.01,0.48,-3.31,9.2,37.24,95.0,23.6,19.86,46.04,-40.13000000000001,51.913333333333334
246.05,0.12,-2.91,8.65,37.24,95.0,23.6,19.97,44.28,-31.166666666666675,48.69333333333333
246.09,0.34,-3.31,9.03,37.24,95.0,23.6,20.09,44.62,-20.166666666666675,47.88666666666666
246.13,0.31,-2.63,8.91,37.24,95.0,23.6,20.32,45.68,-11.613333333333344,46.67666666666667
246.17,0.51,-1.67,9.26,37.24,95.0,23.6,19.39,45.32,-2.6533333333333426,43.45666666666667
246.21,0.53,-0.77,9.13,37.24,95.0,23.6,19.86,45.32,5.086666666666657,38.626666666666665
246.25,0.23,-0.9,9.22,37.24,95.0,23.6,20.9,44.28,14.456666666666656,32.99
246.29,0.07,-1.53,9.11,37.24,95.0,23.6,20.21,46.04,22.19666666666666,28.560000000000002
246.33,0.15,-1.12,8.92,37.24,95.0,23.6,20.21,45.68,30.343333333333323,24.533333333333335
246.37,0.2,-0.6,9.03,37.24,95.0,23.6,21.25,45.68,38.08333333333332,16.883333333333333
246.41,0.34,0.28,9.06,37.24,95.0,23.6,20.67,44.62,44.19666666666666,9.233333333333333
246.45,0.33,0.91,9.28,37.24,95.0,23.6,19.62,45.32,49.899999999999984,0.3766666666666669
246.49,0.31,0.89,9.18,37.24,95.0,23.6,20.09,46.04,53.566666666666656,-7.673333333333333
246.53,0.31,0.29,9.11,37.24,95.0,23.6,20.21,44.62,54.786666666666655,-14.113333333333335
246.57,0.01,1.04,9.13,37.24,95.0,23.6,19.97,44.28,53.15666666666666,-22.570000000000004
246.61,0.2,1.31,9.15,37.24,95.0,23.6,19.74,44.97,50.30666666666665,-27.803333333333338
246.65,0.43,2.68,8.96,37.24,95.0,23.6,20.44,44.28,49.08666666666665,-36.663333333333334
246.69,0.17,2.99,9.38,37.24,95.0,23.6,20.21,45.68,47.04999999999998,-39.88333333333333
246.73,0.3,3.14,9.29,37.24,95.0,23.6,20.09,46.04,45.01333333333332,-46.32666666666666
246.77,0.14,2.24,9.33,37.24,95.0,23.6,19.74,44.62,43.789999999999985,-49.546666666666674
246.81,0.24,1.88,9.06,37.24,95.0,23.6,19.97,46.04,41.34666666666666,-52.76666666666667
246.85,0.29,2.43,9.14,37.24,95.0,23.6,20.32,44.62,40.12333333333333,-54.376666666666665
246.89,0.25,2.88,9.35,37.24,95.0,23.6,21.71,45.32,35.643333333333324,-53.56999999999999
246.93,0.24,2.09,9.21,37.24,95.0,23.6,19.86,46.04,29.53333333333332,-51.96
246.97,-0.25,1.79,8.63,37.24,95.0,23.6,20.79,45.32,21.386666666666656,-44.31
247.01,-0.36,1.43,8.76,37.24,95.0,23.6,20.09,46.04,13.646666666666654,-37.06333333333333
247.05,0.09,0.24,9.61,37.24,95.0,23.6,18.92,47.92,7.536666666666655,-25.790000000000003
247.09,-0.01,0.75,8.75,37.24,95.0,23.6,21.02,44.62,2.2399999999999882,-15.323333333333332
247.13,0.25,-0.06,9.05,37.24,95.0,23.6,20.56,46.04,-5.093333333333344,-4.8566666666666665
247.17,0.28,-1.18,8.82,37.24,95.0,23.6,20.09,44.62,-12.833333333333345,4.806666666666667
247.21,0.57,-2.29,9.17,37.24,95.0,23.6,20.21,44.97,-23.426666666666677,13.263333333333334
247.25,0.44,-2.66,9.17,37.24,95.0,23.6,19.97,44.28,-31.166666666666682,20.91333333333333
247.29,0.45,-2.53,8.98,37.24,95.0,23.6,20.21,45.68,-40.13000000000002,28.563333333333333
247.33,0.97,-2.96,8.39,37.24,95.0,23.6,19.86,44.62,-46.24000000000001,35.00333333333334
247.37,0.41,-2.81,8.76,37.24,95.0,23.6,19.62,46.04,-54.39000000000001,42.25
247.41,0.48,-3.17,9.47,37.24,95.0,23.6,20.32,46.04,-61.723333333333336,44.663333333333334
247.45,0.39,-3.7,8.53,37.24,95.0,23.6,18.92,46.04,-66.61333333333334,47.48333333333334
247.49,0.37,-3.67,8.87,37.24,95.0,23.6,20.32,45.68,-67.42666666666668,49.49666666666667
247.53,0.67,-3.65,8.86,37.24,95.0,23.6,19.86,46.78,-62.13,51.10666666666666
247.57,0.46,-2.91,8.92,37.24,95.0,23.6,20.09,44.97,-51.53666666666667,52.31333333333333
247.61,0.45,-3.16,9.19,37.24,95.0,23.6,20.21,45.68,-40.13000000000001,53.120000000000005
247.65,0.51,-3.51,9.46,37.24,95.0,23.6,20.21,45.68,-30.35333333333334,53.92666666666667
247.69,0.21,-3.2,9.12,37.24,95.0,23.6,19.97,45.68,-24.243333333333343,52.31666666666666
247.73,0.3,-2.8,9.32,37.24,95.0,23.6,20.32,46.04,-16.096666666666675,48.29
247.77,0.48,-2.05,9.3,37.24,95.0,23.6,19.27,44.28,-7.95000000000001,44.666666666666664
247.81,0.29,-0.69,8.64,37.24,95.0,23.6,20.32,46.04,0.6066666666666567,40.64000000000001
247.85,0.66,-0.98,8.91,37.24,95.0,23.6,20.21,44.28,7.939999999999991,37.01666666666667
247.89,0.28,-1.3,9.08,37.24,95.0,23.6,20.21,44.97,16.08999999999999,31.380000000000006
247.93,0.26,-1.13,9.25,37.24,95.0,23.6,20.9,44.28,26.273333333333323,24.536666666666672
247.97,0.26,-0.73,9.08,37.24,95.0,23.6,20.44,44.62,36.456666666666656,18.900000000000002
248.01,0.33,0.16,9.08,37.24,95.0,23.6,20.56,45.32,45.82333333333332,11.250000000000002
248.05,0.45,0.67,9.06,37.24,95.0,23.6,19.97,44.97,50.30333333333332,4.403333333333335
248.09,0.07,0.97,9.36,37.24,95.0,23.6,20.21,44.28,53.563333333333325,-4.053333333333331
248.13,0.75,0.48,8.82,37.24,95.0,23.6,19.97,44.62,55.603333333333325,-11.703333333333331
248.17,0.41,0.61,8.86,37.24,95.0,23.6,19.62,46.04,53.97666666666666,-17.74
248.21,0.34,1.26,9.06,37.24,95.0,23.6,20.9,45.68,51.533333333333324,-23.77666666666666
248.25,0.35,1.94,9.25,37.24,95.0,23.6,19.86,46.78,47.04999999999999,-28.606666666666666
248.29,0.18,3.2,9.34,37.24,95.0,23.6,20.9,44.62,45.41999999999999,-35.453333333333326
248.33,0.22,2.94,9.3,37.24,95.0,23.6,21.48,46.04,44.603333333333325,-43.50666666666666
248.37,0.09,2.24,9.16,37.24,95.0,23.6,20.56,44.62,43.78999999999999,-48.336666666666666
248.41,0.15,1.73,9.09,37.24,95.0,23.6,20.32,46.04,41.34333333333333,-52.35999999999999
248.45,-0.1,2.13,9.54,37.24,95.0,23.6,19.74,44.28,36.04999999999999,-52.76333333333333
248.49,0.42,2.82,9.28,37.24,95.0,23.6,19.86,45.68,30.75333333333332,-54.376666666666665
248.53,0.33,2.59,9.46,37.24,95.0,23.6,20.32,46.04,25.866666666666656,-50.75333333333333
248.57,0.11,2.06,8.51,37.24,95.0,23.6,19.86,45.68,20.976666666666656,-47.53333333333333
248.61,-0.17,1.42,9.51,37.24,95.0,23.6,19.86,47.92,14.866666666666658,-39.07666666666666
248.65,0.43,0.52,9.3,37.24,95.0,23.6,19.62,46.04,8.346666666666657,-32.23333333333333
248.69,0.18,0.69,8.93,37.24,95.0,23.6,20.9,42.96,3.866666666666657,-21.36
248.73,0.33,0.13,9.11,37.24,95.0,23.6,20.56,44.62,-3.0600000000000094,-10.89333333333333
248.77,0.46,-1.19,8.95,37.24,95.0,23.6,20.21,44.28,-9.576666666666675,1.586666666666669
248.81,0.65,-1.94,9.22,37.24,95.0,23.6,20.09,47.92,-20.983333333333345,12.456666666666669
248.85,0.37,-2.33,8.97,37.24,95.0,23.6,19.39,45.32,-29.130000000000006,20.10666666666667
248.89,0.47,-2.14,9.05,37.24,95.0,23.6,20.9,45.68,-38.50000000000001,28.563333333333333
248.93,-0.13,-1.52,8.62,37.24,95.0,23.6,20.44,43.94,-45.42666666666668,33.39333333333334
248.97,0.33,-3.05,9.07,37.24,95.0,23.6,19.62,46.04,-54.39000000000001,40.23666666666667
249.01,0.44,-4.43,8.96,37.24,95.0,23.6,19.86,47.92,-61.31666666666667,44.663333333333334
249.05,0.33,-4.57,9.0,37.24,95.0,23.6,19.39,46.04,-65.39,49.89666666666667
249.09,0.06,-3.26,8.94,37.24,95.0,23.6,19.86,46.04,-65.39000000000001,51.10666666666666
249.13,0.39,-3.59,9.37,37.24,95.0,23.6,19.97,45.68,-62.13000000000002,52.31666666666666
249.17,0.46,-3.16,8.91,37.24,95.0,23.6,19.97,44.28,-56.02000000000001,51.913333333333334
249.21,0.59,-2.73,8.36,37.24,95.0,23.6,19.86,45.32,-46.24333333333334,51.51
249.25,0.24,-3.03,8.6,37.24,95.0,23.6,19.86,45.68,-36.466666666666676,49.09333333333334
249.29,0.09,-3.48,9.31,37.24,95.0,23.6,20.32,44.62,-25.060000000000013,49.093333333333334
249.33,0.17,-2.57,8.77,37.24,95.0,23.6,20.09,44.62,-15.283333333333344,49.49666666666667
249.37,0.09,-1.62,9.02,37.24,95.0,23.6,20.44,45.68,-5.506666666666676,48.690000000000005
249.41,0.39,-0.87,9.16,37.24,95.0,23.6,20.67,44.62,2.6399999999999904,45.06666666666666
249.45,0.14,-0.47,9.32,37.24,95.0,23.6,19.97,44.28,9.566666666666658,39.43
249.49,0.17,-1.5,8.89,37.24,95.0,23.6,20.67,45.68,18.936666666666657,33.39333333333334
249.53,0.15,-1.33,8.97,37.24,95.0,23.6,20.21,45.68,27.49333333333332,27.75666666666667
249.57,0.15,-1.0,9.06,37.24,95.0,23.6,20.09,44.62,36.86333333333332,22.120000000000005
249.61,0.22,-0.01,9.18,37.24,95.0,23.6,20.44,44.28,43.383333333333326,13.663333333333334
249.65,0.27,0.63,9.15,37.24,95.0,23.6,20.56,44.62,48.26999999999999,6.416666666666669
249.69,0.18,0.85,9.27,37.24,95.0,23.6,20.56,44.28,51.12,-0.8299999999999974
249.73,0.79,0.4,8.73,37.24,95.0,23.6,19.74,44.62,53.96999999999999,-6.869999999999997
249.77,0.04,0.86,8.38,37.24,95.0,23.6,19.39,45.68,53.96999999999999,-14.516666666666666
249.81,0.25,1.37,8.64,37.24,95.0,23.6,20.32,46.04,52.34333333333333,-22.569999999999997
249.85,0.16,1.74,9.38,37.24,95.0,23.6,20.09,44.62,49.086666666666666,-28.606666666666666
249.89,0.24,3.55,9.49,37.24,95.0,23.6,20.9,46.04,48.679999999999986,-35.453333333333326
249.93,0.31,3.13,8.99,37.24,95.0,23.6,20.44,44.62,48.26999999999998,-40.28333333333333
249.97,0.06,2.38,9.34,37.24,95.0,23.6,20.9,43.28,47.04666666666665,-47.529999999999994
250.01,0.23,1.55,9.27,37.24,95.0,23.6,19.74,44.62,43.789999999999985,-50.346666666666664
250.05,0.2,2.02,9.55,37.24,95.0,23.6,19.39,45.68,39.71666666666666,-52.35999999999999
250.09,0.35,2.92,9.29,37.24,95.0,23.6,20.32,46.04,35.23666666666666,-51.55666666666667
250.13,0.8,3.18,9.04,37.24,95.0,23.6,20.21,44.62,31.159999999999986,-52.36333333333334
250.17,0.29,2.19,8.35,37.24,95.0,23.6,19.62,44.62,27.90333333333332,-51.56
250.21,0.39,-0.14,9.1,37.24,95.0,23.6,20.67,46.41,23.419999999999987,-45.52
250.25,0.16,0.26,8.85,37.24,95.0,23.6,19.39,46.78,15.27333333333332,-36.663333333333334
250.29,0.32,0.73,8.96,37.24,95.0,23.6,20.44,44.62,6.309999999999988,-23.779999999999998
250.33,0.23,0.32,8.96,37.24,95.0,23.6,19.62,45.68,-1.8366666666666784,-11.703333333333331
250.37,0.2,-0.76,9.02,37.24,95.0,23.6,19.86,46.04,-9.983333333333347,-0.42999999999999766
250.41,-0.01,-1.34,8.89,37.24,95.0,23.6,20.21,45.68,-17.316666666666677,10.040000000000001
250.45,-0.74,-1.49,8.47,37.24,95.0,23.6,19.86,46.04,-27.910000000000014,17.69
250.49,-0.71,-1.7,8.44,37.24,95.0,23.6,18.92,46.04,-37.686666666666675,26.950000000000003
250.53,0.01,-2.83,9.47,37.24,95.0,23.6,20.09,46.04,-48.686666666666675,32.18333333333334
250.57,-0.1,-3.11,8.81,37.24,95.0,23.6,20.32,46.04,-56.42666666666668,39.03000000000001
250.61,0.11,-3.72,8.65,37.24,95.0,23.6,20.21,45.68,-60.50000000000001,44.26333333333334
250.65,-0.26,-3.0,8.34,37.24,95.0,23.6,19.86,46.04,-63.76000000000001,49.49666666666667
250.69,0.08,-2.95,8.47,37.24,95.0,23.6,19.86,46.04,-64.98000000000002,51.910000000000004
250.73,0.07,-3.58,8.94,37.24,95.0,23.6,20.21,44.97,-63.353333333333346,51.910000000000004
250.77,-0.16,-2.93,9.15,37.24,95.0,23.6,19.97,45.68,-56.42666666666668,51.50666666666667
250.81,0.09,-3.24,9.07,37.24,95.0,23.6,20.67,44.62,-47.87333333333334,51.50666666666667
250.85,0.23,-3.98,9.26,37.24,95.0,23.6,19.62,46.04,-38.50333333333334,52.71666666666667
250.89,0.2,-4.03,9.49,37.24,95.0,23.6,20.09,46.41,-29.54000000000001,51.106666666666676
250.93,0.25,-3.08,8.96,37.24,95.0,23.6,21.13,45.32,-17.726666666666677,48.29
250.97,0.37,-1.96,9.18,37.24,95.0,23.6,20.09,46.04,-9.17000000000001,43.86000000000001
251.01,0.62,-1.4,9.27,37.24,95.0,23.6,20.67,44.62,-1.023333333333343,41.84666666666667
251.05,0.36,-0.61,8.42,37.24,95.0,23.6,19.62,45.68,6.309999999999991,40.23666666666667
251.09,0.28,-1.2,8.59,37.24,95.0,23.6,21.59,44.62,14.863333333333324,37.01666666666667
251.13,0.4,-1.41,8.83,37.24,95.0,23.6,20.44,44.62,23.826666666666657,31.783333333333342
251.17,0.2,-1.01,9.11,37.24,95.0,23.6,20.21,44.28,30.346666666666653,24.536666666666672
251.21,0.05,0.05,9.06,37.24,95.0,23.6,20.44,44.62,38.496666666666655,17.290000000000006
251.25,0.14,0.69,9.09,37.24,95.0,23.6,20.09,46.04,45.419999999999995,7.223333333333339
251.29,0.06,0.81,8.96,37.24,95.0,23.6,20.44,44.97,49.49333333333332,-0.8299999999999951
251.33,0.49,0.69,9.02,37.24,95.0,23.6,19.74,44.28,50.71333333333332,-8.07666666666666
251.37,-0.03,0.29,9.39,37.24,95.0,23.6,20.44,44.62,50.71333333333332,-13.309999999999995
251.41,0.43,0.82,9.36,37.24,95.0,23.6,19.74,44.62,51.11999999999998,-19.753333333333327
251.45,0.18,1.6,9.43,37.24,95.0,23.6,19.62,46.04,50.71333333333332,-28.209999999999994
251.49,0.36,3.16,9.48,37.24,95.0,23.6,19.51,48.32,47.863333333333316,-35.45666666666666
251.53,0.22,2.8,9.45,37.24,95.0,23.6,20.56,46.04,46.23333333333332,-41.09333333333333
251.57,0.31,2.84,9.23,37.24,95.0,23.6,20.09,46.04,43.789999999999985,-46.32666666666666
251.61,0.2,1.75,9.35,37.24,95.0,23.6,20.09,46.78,41.75333333333332,-49.949999999999996
251.65,0.28,1.74,9.16,37.24,95.0,23.6,19.97,44.28,38.49333333333332,-54.376666666666665
251.69,0.43,2.8,9.43,37.24,95.0,23.6,19.74,44.97,33.60333333333332,-54.376666666666665
251.73,0.3,3.37,9.49,37.24,95.0,23.6,20.44,44.62,29.529999999999987,-52.76666666666667
251.77,-0.01,1.62,9.53,37.24,95.0,23.6,20.21,44.28,23.826666666666654,-48.339999999999996
251.81,-0.92,1.87,8.86,37.24,95.0,23.6,20.32,46.04,19.346666666666653,-43.50666666666666
251.85,-0.12,0.89,9.01,37.24,95.0,23.6,20.09,45.32,14.863333333333323,-36.26
251.89,0.54,0.45,9.61,37.24,95.0,23.6,20.21,44.97,7.939999999999988,-26.59666666666666
251.93,0.15,0.63,9.07,37.24,95.0,23.6,20.44,44.28,1.4199999999999882,-16.936666666666664
251.97,0.12,0.25,8.83,37.24,95.0,23.6,20.21,45.68,-7.133333333333344,-4.856666666666661
252.01,0.21,-1.39,8.81,37.24,95.0,23.6,19.86,45.68,-15.690000000000012,5.210000000000005
252.05,0.03,-2.23,8.86,37.24,95.0,23.6,20.44,44.62,-25.873333333333346,18.496666666666673
252.09,-0.13,-2.05,8.47,37.24,95.0,23.6,20.09,46.04,-36.87333333333334,25.340000000000003
252.13,-0.03,-1.85,8.38,37.24,95.0,23.6,20.09,44.62,-42.98333333333335,32.58666666666667
252.17,0.6,-3.11,8.83,37.24,95.0,23.6,20.09,45.68,-51.53666666666668,37.42000000000001
252.21,0.26,-3.29,8.44,37.24,95.0,23.6,20.56,46.41,-55.610000000000014,41.85
252.25,0.33,-3.81,8.9,37.24,95.0,23.6,19.27,45.32,-62.12666666666669,45.07
252.29,-0.4,-4.11,9.62,37.24,95.0,23.6,20.32,46.04,-64.57333333333334,47.48333333333334
252.33,0.27,-4.24,9.15,37.24,95.0,23.6,20.21,46.04,-66.20333333333335,51.910000000000004
252.37,0.35,-3.66,9.53,37.24,95.0,23.6,20.09,44.62,-60.09333333333334,54.73000000000001
252.41,0.29,-3.47,9.14,37.24,95.0,23.6,20.56,44.62,-51.13000000000002,56.34000000000001
252.45,0.57,-3.23,8.9,37.24,95.0,23.6,20.09,44.62,-38.90666666666668,55.13333333333333
252.49,0.12,-2.92,8.59,37.24,95.0,23.6,20.44,44.97,-31.166666666666682,52.716666666666676
252.53,0.16,-3.45,9.26,37.24,95.0,23.6,21.02,46.04,-20.166666666666682,50.30333333333334
252.57,0.17,-2.22,9.09,37.24,95.0,23.6,19.04,45.68,-13.243333333333347,47.083333333333336
252.61,0.5,-1.34,9.04,37.24,95.0,23.6,20.67,46.04,-3.466666666666681,43.46000000000001
252.65,0.48,-1.08,9.45,37.24,95.0,23.6,19.74,45.68,5.493333333333319,40.23666666666667
252.69,0.15,-1.5,9.34,37.24,95.0,23.6,19.97,44.62,14.86333333333332,37.01666666666667
252.73,0.09,-1.51,9.19,37.24,95.0,23.6,20.9,44.62,22.60333333333332,32.58666666666667
252.77,0.29,-1.13,9.04,37.24,95.0,23.6,20.21,45.68,29.93666666666665,25.74333333333334
252.81,0.33,-0.31,9.26,37.24,95.0,23.6,20.21,44.28,36.863333333333316,16.883333333333336
252.85,0.45,0.56,9.16,37.24,95.0,23.6,18.21,46.04,42.56666666666665,11.246666666666671
252.89,0.36,0.74,9.23,37.24,95.0,23.6,19.62,46.04,45.41999999999999,2.3900000000000046
252.93,-0.03,0.81,9.45,37.24,95.0,23.6,20.44,43.94,48.676666666666655,-6.063333333333329
252.97,0.34,-0.02,9.76,37.24,95.0,23.6,19.86,45.68,50.30666666666665,-15.323333333333329
253.01,-0.02,0.63,8.96,37.24,95.0,23.6,19.74,45.68,50.71333333333332,-21.36333333333333
253.05,0.46,1.61,9.41,37.24,95.0,23.6,19.39,46.04,48.26999999999998,-26.596666666666664
253.09,0.4,2.69,9.15,37.24,95.0,23.6,19.39,45.68,46.639999999999986,-33.84333333333333
253.13,0.13,2.97,9.29,37.24,95.0,23.6,20.44,46.04,46.23333333333331,-42.29666666666666
253.17,0.27,2.83,9.42,37.24,95.0,23.6,19.62,46.04,45.01333333333332,-47.93333333333333
253.21,0.23,1.65,9.1,37.24,95.0,23.6,19.86,45.32,44.606666666666655,-52.35999999999999
253.25,0.25,2.13,8.98,37.24,95.0,23.6,20.09,44.62,41.34666666666666,-52.35999999999999
253.29,0.36,2.86,9.04,37.24,95.0,23.6,20.09,49.53,38.08666666666665,-54.37333333333333
253.33,0.12,3.31,9.11,37.24,95.0,23.6,20.9,44.62,31.569999999999983,-53.56999999999999
253.37,0.44,1.84,9.28,37.24,95.0,23.6,19.62,45.68,25.86666666666665,-51.556666666666665
253.41,0.28,1.62,9.22,37.24,95.0,23.6,20.21,45.68,20.97666666666665,-45.11666666666667
253.45,-0.14,1.95,8.79,37.24,95.0,23.6,20.32,46.04,15.679999999999986,-38.273333333333326
253.49,0.26,0.71,9.07,37.24,95.0,23.6,20.21,44.28,9.569999999999984,-29.819999999999993
253.53,0.5,0.47,9.36,37.24,95.0,23.6,20.79,45.68,2.2366666666666526,-20.559999999999995
253.57,0.27,-0.14,9.06,37.24,95.0,23.6,20.44,46.41,-3.8733333333333477,-9.286666666666662
253.61,0.26,-1.38,8.96,37.24,95.0,23.6,19.86,45.68,-13.243333333333348,1.180000000000005
253.65,0.45,-1.84,9.08,37.24,95.0,23.6,19.86,44.62,-23.02000000000001,12.050000000000006
253.69,0.83,-2.43,8.71,37.24,95.0,23.6,19.62,44.97,-33.613333333333344,22.923333333333336
253.73,0.46,-2.72,9.7,37.24,95.0,23.6,19.62,46.04,-42.57666666666668,31.783333333333342
253.77,0.48,-3.3,9.01,37.24,95.0,23.6,20.09,46.04,-50.723333333333336,36.616666666666674
253.81,0.37,-3.42,8.94,37.24,95.0,23.6,20.21,44.28,-58.05666666666668,41.85000000000001
253.85,0.09,-4.22,9.41,37.24,95.0,23.6,19.86,46.04,-63.76000000000001,45.07
253.89,0.49,-3.94,8.34,37.24,95.0,23.6,19.97,44.28,-65.39000000000001,48.69333333333335
253.93,-0.11,-3.59,9.46,37.24,95.0,23.6,20.44,45.68,-66.61333333333336,49.900000000000006
253.97,0.59,-3.37,9.19,37.24,95.0,23.6,19.62,45.68,-62.13000000000002,53.120000000000005
254.01,0.41,-2.59,8.71,37.24,95.0,23.6,20.09,46.04,-56.83333333333335,55.13333333333335
254.05,0.5,-2.34,8.36,37.24,95.0,23.6,20.44,44.62,-46.240000000000016,55.940000000000005
254.09,0.24,-3.22,8.74,37.24,95.0,23.6,19.39,46.04,-36.05666666666668,54.330000000000005
254.13,0.25,-3.35,8.95,37.24,95.0,23.6,20.56,45.68,-24.24333333333335,52.720000000000006
254.17,0.43,-2.53,8.71,37.24,95.0,23.6,19.86,46.04,-14.466666666666685,49.900000000000006
254.21,-0.02,-1.03,8.77,37.24,95.0,23.6,20.09,44.62,-3.466666666666686,45.873333333333335
254.25,0.09,-0.88,9.6,37.24,95.0,23.6,20.56,45.68,6.309999999999981,40.64000000000001
254.29,0.24,-1.14,9.02,37.24,95.0,23.6,20.44,44.97,14.866666666666648,35.40666666666667
254.33,0.13,-1.48,8.97,37.24,95.0,23.6,19.86,45.68,20.97666666666665,30.57666666666667
254.37,0.23,-1.28,8.94,37.24,95.0,23.6,19.62,45.68,27.496666666666652,26.550000000000008
254.41,0.28,-0.57,9.04,37.24,95.0,23.6,20.21,44.28,34.41999999999998,20.51000000000001
254.45,0.35,0.3,9.02,37.24,95.0,23.6,20.9,44.28,40.52999999999998,12.456666666666672
254.49,0.55,0.91,9.0,37.24,95.0,23.6,20.44,46.04,45.823333333333316,2.3900000000000072
254.53,-0.51,0.94,9.42,37.24,95.0,23.6,19.86,46.04,48.67666666666665,-6.466666666666659
254.57,0.02,0.25,9.42,37.24,95.0,23.6,19.62,45.32,49.49333333333332,-12.90666666666666
254.61,0.12,0.42,9.09,37.24,95.0,23.6,20.9,44.62,47.866666666666646,-19.34666666666666
254.65,0.01,1.49,9.11,37.24,95.0,23.6,20.44,44.62,47.866666666666646,-25.386666666666656
254.69,0.37,2.57,9.18,37.24,95.0,23.6,20.9,44.62,47.04999999999998,-32.633333333333326
254.73,0.28,3.49,9.16,37.24,95.0,23.6,18.8,46.04,46.63999999999998,-38.673333333333325
254.77,0.34,3.08,9.22,37.24,95.0,23.6,19.97,44.28,45.41666666666665,-45.919999999999995
254.81,0.15,2.06,9.13,37.24,95.0,23.6,20.44,44.62,45.823333333333316,-50.75333333333333
254.85,0.23,1.65,9.16,37.24,95.0,23.6,20.44,44.62,43.379999999999974,-53.57333333333332
254.89,0.24,2.5,9.0,37.24,95.0,23.6,20.21,45.32,39.30666666666665,-54.779999999999994
254.93,0.16,3.13,8.89,37.24,95.0,23.6,20.44,45.68,34.41999999999998,-53.97333333333332
254.97,0.19,2.65,9.1,37.24,95.0,23.6,19.97,44.28,29.12333333333331,-52.76333333333332
255.01,0.99,1.48,9.73,37.24,95.0,23.6,20.56,44.62,25.45666666666665,-47.12666666666666
255.05,-0.05,0.03,9.33,37.24,95.0,23.6,19.86,46.04,18.123333333333317,-41.48999999999999
255.09,0.46,0.58,8.49,37.24,95.0,23.6,20.56,44.62,13.643333333333315,-31.826666666666657
255.13,0.43,0.77,9.33,37.24,95.0,23.6,20.09,46.04,4.679999999999981,-22.163333333333327
255.17,0.35,0.44,8.98,37.24,95.0,23.6,20.21,44.28,-3.876666666666686,-9.683333333333325
255.21,0.43,-1.44,9.16,37.24,95.0,23.6,20.21,45.68,-13.246666666666686,1.990000000000009
255.25,0.41,-2.03,9.29,37.24,95.0,23.6,20.56,46.04,-21.393333333333356,11.250000000000009
255.29,0.26,-2.68,8.54,37.24,95.0,23.6,20.09,44.62,-27.910000000000014,20.51000000000001
255.33,-0.38,-2.18,8.68,37.24,95.0,23.6,19.74,45.68,-37.68666666666669,28.96666666666668
255.37,0.03,-1.72,8.55,37.24,95.0,23.6,19.27,45.68,-45.426666666666684,37.42000000000001
255.41,0.08,-3.81,9.07,37.24,95.0,23.6,19.86,45.68,-53.166666666666686,41.850000000000016
255.45,-0.05,-3.71,8.06,37.24,95.0,23.6,20.79,46.78,-58.463333333333345,45.473333333333336
255.49,0.64,-4.37,8.62,37.24,95.0,23.6,19.74,44.62,-60.90666666666669,48.29000000000001
255.53,-0.32,-3.57,8.72,37.24,95.0,23.6,20.09,44.62,-61.313333333333354,49.900000000000006
255.57,0.38,-3.59,8.95,37.24,95.0,23.6,19.39,45.32,-59.68333333333336,50.30000000000001
255.61,0.33,-2.73,9.13,37.24,95.0,23.6,20.67,45.68,-54.79666666666669,51.913333333333334
255.65,0.19,-2.85,8.83,37.24,95.0,23.6,19.86,46.41,-47.873333333333356,51.51000000000001
255.69,0.28,-3.72,9.29,37.24,95.0,23.6,19.74,44.28,-38.50333333333335,51.913333333333334
255.73,0.15,-3.45,9.17,37.24,95.0,23.6,20.56,46.04,-29.946666666666687,48.690000000000005
255.77,0.04,-2.86,9.15,37.24,95.0,23.6,17.61,44.28,-20.576666666666686,48.690000000000005
255.81,0.35,-1.63,9.07,37.24,95.0,23.6,20.67,44.62,-10.80000000000002,45.873333333333335
255.85,0.56,-0.56,8.38,37.24,95.0,23.6,19.97,44.62,-1.8366666666666858,44.666666666666664
255.89,0.04,-1.19,9.01,37.24,95.0,23.6,20.32,46.04,7.533333333333314,39.433333333333344
255.93,0.49,-1.5,9.1,37.24,95.0,23.6,20.09,46.04,16.496666666666645,33.393333333333345
255.97,0.16,-1.39,8.91,37.24,95.0,23.6,19.62,46.04,24.236666666666647,26.146666666666675
256.01,0.1,-0.81,9.02,37.24,95.0,23.6,21.13,45.68,31.569999999999983,18.90000000000001
256.05,0.16,0.06,9.13,37.24,95.0,23.6,19.51,44.97,37.27333333333331,13.26333333333334
256.09,0.12,0.73,8.98,37.24,95.0,23.6,20.09,46.04,43.789999999999985,4.806666666666673
256.13,0.27,0.96,9.14,37.24,95.0,23.6,20.32,46.04,46.64333333333332,-3.6499999999999932
256.17,0.25,0.26,8.56,37.24,95.0,23.6,19.74,44.97,49.49333333333332,-13.313333333333327
256.21,0.03,0.4,8.58,37.24,95.0,23.6,20.09,46.41,50.71666666666665,-20.55999999999999
256.25,0.18,0.65,9.3,37.24,95.0,23.6,20.21,45.32,51.52999999999997,-27.403333333333325
256.29,0.08,2.09,9.09,37.24,95.0,23.6,19.86,46.04,49.49333333333331,-32.636666666666656
256.33,0.31,3.47,9.32,37.24,95.0,23.6,19.51,46.04,47.45666666666665,-37.46666666666666
256.37,0.29,2.95,9.42,37.24,95.0,23.6,19.97,44.28,46.23333333333331,-42.69999999999999
256.41,0.16,1.94,9.45,37.24,95.0,23.6,20.21,45.68,45.826666666666654,-46.72666666666667
256.45,0.02,1.15,9.39,37.24,95.0,23.6,19.86,47.92,42.56666666666664,-49.94666666666666
256.49,0.07,2.09,9.39,37.24,95.0,23.6,19.86,46.04,37.679999999999986,-51.156666666666666
256.53,0.32,3.06,9.62,37.24,95.0,23.6,21.02,46.04,35.23666666666665,-53.56999999999999
256.57,-0.06,3.78,9.04,37.24,95.0,23.6,20.21,44.97,30.346666666666646,-53.56999999999999
256.61,0.18,1.6,9.39,37.24,95.0,23.6,19.86,44.97,25.45666666666665,-49.94666666666666
256.65,-0.33,0.51,9.43,37.24,95.0,23.6,20.9,44.62,16.89999999999998,-42.69999999999999
256.69,0.04,1.09,8.89,37.24,95.0,23.6,20.9,44.28,10.383333333333313,-33.84333333333333
256.73,0.65,0.41,9.39,37.24,95.0,23.6,20.21,44.28,3.8666666666666476,-22.969999999999995
256.77,0.48,0.79,8.91,37.24,95.0,23.6,20.21,45.68,-3.0566666666666857,-11.29666666666666
256.81,0.1,-0.54,8.92,37.24,95.0,23.6,20.21,47.92,-9.983333333333352,0.3800000000000067
256.85,0.18,-1.64,9.06,37.24,95.0,23.6,20.09,46.04,-18.54000000000002,9.640000000000008
256.89,0.27,-2.02,9.01,37.24,95.0,23.6,20.44,46.04,-28.320000000000018,18.096666666666675
256.93,0.89,-2.06,9.29,37.24,95.0,23.6,19.51,45.32,-38.096666666666685,24.94000000000001
256.97,1.51,-3.25,9.76,37.24,95.0,23.6,19.86,45.32,-45.83666666666668,31.380000000000006
257.01,0.98,-2.45,8.89,37.24,95.0,23.6,20.09,46.04,-53.166666666666686,36.613333333333344
257.05,1.33,-3.92,9.63,37.24,95.0,23.6,19.86,46.04,-60.093333333333355,42.65333333333334
257.09,0.61,-3.59,8.8,37.24,95.0,23.6,20.32,46.04,-65.7966666666667,46.68000000000001
257.13,0.13,-3.18,9.15,37.24,95.0,23.6,20.32,47.92,-67.83666666666669,51.11000000000001
257.17,0.26,-3.1,8.67,37.24,95.0,23.6,19.97,44.62,-64.98333333333336,53.123333333333335
257.21,0.22,-3.46,9.17,37.24,95.0,23.6,19.86,46.04,-59.68666666666669,55.940000000000005
257.25,0.2,-3.44,9.29,37.24,95.0,23.6,20.21,45.68,-49.90666666666669,55.53666666666667
257.29,0.36,-4.1,9.58,37.24,95.0,23.6,20.09,46.04,-40.94333333333335,53.52333333333334
257.33,0.37,-3.49,8.97,37.24,95.0,23.6,20.9,45.68,-30.76000000000002,51.51000000000001
257.37,0.25,-3.1,9.16,37.24,95.0,23.6,20.21,45.68,-20.983333333333352,50.70333333333334
257.41,0.34,-2.21,9.32,37.24,95.0,23.6,20.21,44.28,-11.613333333333353,49.896666666666675
257.45,0.27,-1.47,9.06,37.24,95.0,23.6,19.74,44.62,-1.0200000000000184,47.48333333333334
257.49,0.31,-1.01,8.52,37.24,95.0,23.6,20.21,46.04,7.939999999999981,41.84666666666667
257.53,0.27,-1.14,8.8,37.24,95.0,23.6,20.44,45.68,17.309999999999985,35.40666666666667
257.57,0.24,-1.21,8.92,37.24,95.0,23.6,19.39,45.32,26.273333333333312,27.353333333333342
257.61,0.09,-1.03,9.02,37.24,95.0,23.6,20.56,45.68,35.23666666666664,20.106666666666673
257.65,0.18,-0.24,9.02,37.24,95.0,23.6,20.09,45.68,42.97666666666665,13.66333333333334
257.69,0.3,0.56,9.08,37.24,95.0,23.6,20.79,45.32,46.64333333333332,8.026666666666673
257.73,0.31,0.72,9.34,37.24,95.0,23.6,20.21,46.04,47.46,0.780000000000007
257.77,0.62,0.42,9.0,37.24,95.0,23.6,19.39,45.68,48.67999999999998,-6.869999999999993
257.81,-0.13,0.71,9.12,37.24,95.0,23.6,19.86,47.92,48.67999999999998,-14.51999999999999
257.85,0.48,0.84,9.02,37.24,95.0,23.6,20.56,44.62,49.89999999999998,-20.95999999999999
257.89,0.25,1.75,9.17,37.24,95.0,23.6,20.79,46.04,48.26999999999998,-28.609999999999996
257.93,0.1,3.42,8.99,37.24,95.0,23.6,19.39,46.04,47.45333333333331,-35.453333333333326
257.97,0.28,3.02,9.41,37.24,95.0,23.6,20.32,46.04,44.60333333333332,-41.89666666666666
258.01,0.11,2.71,9.16,37.24,95.0,23.6,19.86,45.68,42.97666666666665,-44.71333333333333
258.05,0.15,1.86,8.85,37.24,95.0,23.6,19.62,45.32,42.97666666666665,-49.143333333333324
258.09,0.2,2.39,8.88,37.24,95.0,23.6,19.62,45.68,40.93999999999998,-50.349999999999994
258.13,0.48,3.24,8.98,37.24,95.0,23.6,20.56,44.62,38.086666666666645,-51.95999999999999
258.17,0.18,3.75,9.24,37.24,95.0,23.6,20.44,44.28,31.163333333333316,-52.35999999999999
258.21,0.23,1.64,9.54,37.24,95.0,23.6,20.56,45.68,27.90333333333331,-51.15333333333333
258.25,0.49,0.7,9.27,37.24,95.0,23.6,19.62,46.04,20.97666666666665,-45.919999999999995
258.29,-0.18,0.34,9.53,37.24,95.0,23.6,18.92,46.04,15.273333333333312,-37.063333333333325
258.33,0.68,0.13,9.58,37.24,95.0,23.6,19.86,45.32,7.939999999999981,-26.596666666666653
258.37,0.23,0.54,9.1,37.24,95.0,23.6,20.09,46.04,0.6099999999999811,-17.33666666666666
258.41,-0.23,0.11,8.72,37.24,95.0,23.6,20.21,44.28,-8.76000000000002,-4.453333333333326
258.45,0.03,-1.3,8.73,37.24,95.0,23.6,20.09,44.62,-18.943333333333353,6.820000000000007
258.49,-0.32,-2.07,8.88,37.24,95.0,23.6,20.67,46.04,-26.686666666666685,16.483333333333338
258.53,0.2,-2.31,9.21,37.24,95.0,23.6,20.9,44.62,-35.243333333333354,24.13333333333334
258.57,0.37,-2.45,8.59,37.24,95.0,23.6,20.09,46.04,-44.206666666666685,30.57666666666667
258.61,0.27,-3.27,9.84,37.24,95.0,23.6,20.21,44.97,-53.166666666666686,37.823333333333345
258.65,0.48,-3.78,9.28,37.24,95.0,23.6,20.44,44.28,-58.870000000000026,41.85
258.69,0.29,-2.5,8.36,37.24,95.0,23.6,20.67,44.62,-64.16666666666669,46.68000000000001
258.73,0.23,-3.3,9.16,37.24,95.0,23.6,20.32,45.32,-64.16666666666669,48.693333333333335
258.77,0.38,-3.82,9.05,37.24,95.0,23.6,19.62,47.92,-64.1666666666667,51.51000000000001
258.81,-0.01,-3.25,9.02,37.24,95.0,23.6,19.86,46.04,-59.27666666666669,50.70666666666667
258.85,0.19,-3.21,9.17,37.24,95.0,23.6,20.21,44.28,-53.166666666666686,51.913333333333334
258.89,0.21,-3.6,9.24,37.24,95.0,23.6,19.97,44.62,-41.760000000000026,50.30333333333334
258.93,0.23,-3.77,9.28,37.24,95.0,23.6,19.62,45.32,-32.39000000000002,51.10666666666666
258.97,0.32,-3.22,9.07,37.24,95.0,23.6,22.63,46.04,-21.390000000000025,48.29
259.01,0.47,-2.49,9.25,37.24,95.0,23.6,20.44,46.78,-11.20666666666669,47.083333333333336
259.05,0.36,-1.46,8.96,37.24,95.0,23.6,19.97,44.28,-0.6166666666666902,43.05666666666667
259.09,0.41,-1.14,9.37,37.24,95.0,23.6,19.39,46.04,7.12333333333331,41.443333333333335
259.13,-0.03,-0.62,8.94,37.24,95.0,23.6,20.32,49.53,14.049999999999976,37.41666666666667
259.17,0.45,-1.06,8.73,37.24,95.0,23.6,20.67,46.04,24.23666666666664,31.780000000000005
259.21,0.45,-1.24,9.12,37.24,95.0,23.6,19.62,46.04,30.753333333333313,24.533333333333342
259.25,0.38,-0.49,9.18,37.24,95.0,23.6,20.21,45.68,37.67999999999998,17.68666666666667
259.29,0.35,0.41,9.24,37.24,95.0,23.6,19.97,44.62,41.75333333333331,11.246666666666671
259.33,0.51,0.71,9.16,37.24,95.0,23.6,20.9,44.62,45.41999999999998,2.3900000000000046
259.37,0.31,0.61,9.06,37.24,95.0,23.6,20.32,46.04,47.049999999999976,-5.256666666666662
259.41,-0.01,0.36,9.35,37.24,95.0,23.6,19.97,45.68,46.64333333333331,-14.51666666666666
259.45,0.55,0.54,8.85,37.24,95.0,23.6,20.44,44.28,49.49666666666664,-22.569999999999993
259.49,0.06,1.48,9.36,37.24,95.0,23.6,20.32,46.04,50.309999999999974,-31.02666666666666
259.53,0.35,2.88,9.04,37.24,95.0,23.6,19.15,46.04,49.49333333333331,-37.06666666666666
259.57,0.17,3.04,9.26,37.24,95.0,23.6,20.21,44.62,48.67666666666664,-41.89666666666666
259.61,0.22,3.06,9.31,37.24,95.0,23.6,20.56,46.41,47.86333333333331,-47.533333333333324
259.65,0.16,1.86,9.05,37.24,95.0,23.6,19.97,45.32,46.64333333333332,-49.14333333333334
259.69,0.18,2.08,9.32,37.24,95.0,23.6,20.56,44.62,41.75666666666664,-50.349999999999994
259.73,0.2,2.85,9.41,37.24,95.0,23.6,19.62,45.68,38.089999999999975,-49.54333333333333
259.77,0.3,3.11,9.19,37.24,95.0,23.6,20.56,46.04,34.013333333333314,-52.35999999999999
259.81,0.27,2.12,9.32,37.24,95.0,23.6,19.97,45.68,28.309999999999974,-50.75
259.85,-0.48,2.25,9.26,37.24,95.0,23.6,19.86,46.04,21.38333333333331,-48.336666666666666
259.89,0.54,0.22,8.78,37.24,95.0,23.6,20.09,44.62,15.679999999999977,-39.48
259.93,0.63,0.02,9.13,37.24,95.0,23.6,20.44,44.62,10.38333333333331,-29.81666666666666
259.97,0.64,0.45,9.51,37.24,95.0,23.6,19.39,46.04,1.8299999999999759,-17.73666666666666
260.01,0.64,0.17,9.24,37.24,95.0,23.6,20.21,45.68,-6.723333333333358,-6.063333333333328
260.05,0.67,-1.22,9.17,37.24,95.0,23.6,20.21,44.28,-16.500000000000025,4.806666666666671
260.09,0.77,-1.74,9.08,37.24,95.0,23.6,20.09,46.04,-24.650000000000023,14.470000000000004
260.13,0.9,-2.9,9.41,37.24,95.0,23.6,19.74,44.28,-33.61333333333336,21.720000000000002
260.17,0.49,-2.39,9.22,37.24,95.0,23.6,20.44,44.62,-40.13333333333336,30.173333333333336
260.21,0.57,-2.32,8.47,37.24,95.0,23.6,20.32,45.68,-47.873333333333356,36.61333333333334
260.25,-0.2,-2.76,9.2,37.24,95.0,23.6,20.32,44.28,-55.2066666666667,41.84666666666667
260.29,0.57,-3.8,9.44,37.24,95.0,23.6,20.44,45.32,-61.31666666666669,43.05666666666667
260.33,0.2,-3.55,8.71,37.24,95.0,23.6,20.44,44.62,-64.5766666666667,47.08333333333334
260.37,0.14,-3.54,9.22,37.24,95.0,23.6,19.39,46.04,-65.39000000000003,50.70666666666667
260.41,0.48,-3.41,9.42,37.24,95.0,23.6,20.09,46.04,-63.760000000000026,52.716666666666676
260.45,0.24,-2.37,8.9,37.24,95.0,23.6,20.32,45.32,-55.610000000000035,52.31333333333333
260.49,0.32,-2.63,8.95,37.24,95.0,23.6,20.44,46.78,-45.4266666666667,49.49333333333334
260.53,0.28,-3.83,9.43,37.24,95.0,23.6,20.67,44.28,-35.65000000000003,47.88333333333333
260.57,0.19,-3.31,9.2,37.24,95.0,23.6,20.09,44.62,-26.28000000000003,47.48
260.61,0.19,-2.62,9.04,37.24,95.0,23.6,20.09,46.04,-17.316666666666695,46.27333333333334
260.65,0.38,-1.69,8.73,37.24,95.0,23.6,20.9,44.62,-5.910000000000029,45.873333333333335
260.69,0.4,-1.12,9.24,37.24,95.0,23.6,19.39,46.04,3.459999999999972,41.043333333333344
260.73,-0.19,-0.85,8.96,37.24,95.0,23.6,20.21,46.04,13.236666666666638,39.03000000000001
260.77,0.38,-1.03,8.71,37.24,95.0,23.6,20.09,46.04,20.976666666666638,32.18333333333334
260.81,0.21,-1.27,9.07,37.24,95.0,23.6,20.56,44.62,28.306666666666633,26.950000000000006
260.85,0.14,-0.63,9.12,37.24,95.0,23.6,20.44,45.68,34.00999999999997,18.09333333333334
260.89,0.27,0.28,8.82,37.24,95.0,23.6,20.32,45.68,38.493333333333304,11.250000000000007
260.93,0.15,0.99,9.21,37.24,95.0,23.6,20.32,44.62,44.19666666666664,2.393333333333341
260.97,0.01,1.1,9.24,37.24,95.0,23.6,21.02,46.41,49.08666666666664,-4.8533333333333255
261.01,0.72,0.48,9.81,37.24,95.0,23.6,20.09,46.41,51.93666666666664,-13.30666666666666
261.05,0.07,0.46,8.9,37.24,95.0,23.6,19.39,46.04,51.52999999999997,-19.34666666666666
261.09,0.39,1.19,9.14,37.24,95.0,23.6,19.97,45.68,49.493333333333304,-26.193333333333328
261.13,0.9,1.68,9.08,37.24,95.0,23.6,20.44,44.28,49.08666666666664,-33.44333333333333
261.17,0.3,3.59,9.2,37.24,95.0,23.6,19.51,45.68,48.67999999999997,-39.48333333333332
261.21,0.22,3.36,9.05,37.24,95.0,23.6,19.86,45.68,47.45666666666664,-45.51999999999999
261.25,0.2,1.78,9.46,37.24,95.0,23.6,20.32,46.04,44.603333333333296,-47.93333333333333
261.29,0.13,1.94,8.85,37.24,95.0,23.6,19.62,45.68,41.343333333333305,-50.34666666666666
261.33,0.1,2.41,9.15,37.24,95.0,23.6,19.62,47.92,37.269999999999975,-50.34666666666666
261.37,0.07,3.12,9.48,37.24,95.0,23.6,20.44,44.62,34.419999999999966,-49.13999999999999
261.41,0.05,3.0,9.65,37.24,95.0,23.6,21.02,46.04,30.753333333333305,-48.336666666666666
261.45,0.25,2.27,8.82,37.24,95.0,23.6,19.62,45.68,25.863333333333305,-43.91
261.49,0.28,0.53,9.33,37.24,95.0,23.6,19.39,47.92,19.753333333333305,-38.676666666666655
261.53,0.35,1.06,8.84,37.24,95.0,23.6,20.21,45.68,13.643333333333304,-30.623333333333324
261.57,0.82,0.38,9.51,37.24,95.0,23.6,19.74,46.04,5.903333333333305,-22.973333333333326
261.61,0.73,-0.04,9.39,37.24,95.0,23.6,20.56,45.68,-1.023333333333362,-13.713333333333326
261.65,0.44,-1.24,9.14,37.24,95.0,23.6,20.21,44.97,-12.836666666666694,-1.6366666666666596
261.69,0.34,-1.82,9.12,37.24,95.0,23.6,20.44,44.28,-21.39000000000003,10.44333333333334
261.73,0.15,-2.36,8.7,37.24,95.0,23.6,20.09,45.32,-29.946666666666697,22.120000000000005
261.77,0.74,-3.16,9.3,37.24,95.0,23.6,20.09,46.04,-38.09333333333336,30.57666666666667
261.81,0.03,-2.68,8.76,37.24,95.0,23.6,19.86,46.04,-45.4266666666667,39.03000000000001
261.85,-0.21,-2.4,9.73,37.24,95.0,23.6,19.39,46.04,-55.61000000000002,44.66666666666668
261.89,-0.13,-4.23,9.33,37.24,95.0,23.6,20.09,44.62,-60.906666666666695,49.09333333333334
261.93,0.23,-3.94,9.37,37.24,95.0,23.6,20.44,44.28,-64.1666666666667,48.29
261.97,0.14,-4.1,9.81,37.24,95.0,23.6,20.44,44.62,-63.35000000000002,49.900000000000006
262.01,0.19,-3.04,8.85,37.24,95.0,23.6,20.44,44.28,-60.50000000000003,47.88666666666668
262.05,0.37,-3.35,9.05,37.24,95.0,23.6,20.56,46.04,-56.4266666666667,49.093333333333334
262.09,0.24,-3.57,9.2,37.24,95.0,23.6,20.09,46.04,-49.09666666666669,46.67666666666668
262.13,0.24,-3.04,8.76,37.24,95.0,23.6,19.39,46.41,-40.54000000000003,46.27666666666667
262.17,0.21,-3.23,8.8,37.24,95.0,23.6,20.67,46.04,-30.763333333333364,45.070000000000014
262.21,0.25,-2.68,8.75,37.24,95.0,23.6,19.97,44.62,-19.356666666666694,44.26666666666667
262.25,0.19,-1.93,9.18,37.24,95.0,23.6,19.97,46.04,-7.136666666666695,43.863333333333344
262.29,0.34,-1.04,8.74,37.24,95.0,23.6,21.02,46.04,6.306666666666639,41.043333333333344
262.33,-0.05,-1.03,9.42,37.24,95.0,23.6,20.44,44.28,15.67666666666664,36.613333333333344
262.37,0.39,-1.43,9.05,37.24,95.0,23.6,19.39,46.41,24.233333333333306,32.58666666666667
262.41,0.4,-1.28,9.18,37.24,95.0,23.6,20.44,44.28,29.93666666666664,26.146666666666675
262.45,0.23,-1.04,9.16,37.24,95.0,23.6,19.74,47.15,35.639999999999965,21.316666666666674
262.49,0.22,-0.15,9.19,37.24,95.0,23.6,19.39,45.68,39.306666666666636,14.070000000000007
262.53,0.28,0.66,9.16,37.24,95.0,23.6,19.97,45.68,42.15999999999997,8.43333333333334
262.57,0.59,0.89,9.21,37.24,95.0,23.6,19.97,44.28,44.606666666666634,-0.8266666666666591
262.61,0.18,0.49,8.94,37.24,95.0,23.6,20.21,44.97,46.23666666666664,-8.879999999999994
262.65,0.22,0.27,9.48,37.24,95.0,23.6,19.74,45.68,48.67999999999997,-16.12666666666666
262.69,0.5,0.48,9.53,37.24,95.0,23.6,20.21,44.28,49.08666666666664,-21.359999999999996
262.73,0.55,2.14,9.29,37.24,95.0,23.6,19.86,45.68,49.08666666666664,-29.00999999999999
262.77,0.35,3.57,9.35,37.24,95.0,23.6,20.21,44.28,47.45666666666663,-35.04999999999999
262.81,0.24,2.85,9.83,37.24,95.0,23.6,19.86,46.04,46.2333333333333,-41.49333333333333
262.85,0.24,2.61,9.49,37.24,95.0,23.6,20.44,44.28,44.19666666666664,-47.129999999999995
262.89,0.06,1.07,9.45,37.24,95.0,23.6,20.32,46.04,41.7533333333333,-51.96333333333333
262.93,0.3,1.54,9.38,37.24,95.0,23.6,19.74,45.68,40.1233333333333,-53.97666666666666
262.97,0.43,2.85,9.37,37.24,95.0,23.6,20.09,44.62,38.493333333333304,-54.376666666666665
263.01,0.42,3.27,9.25,37.24,95.0,23.6,19.62,44.62,34.0133333333333,-53.97333333333333
263.05,0.22,1.83,9.52,37.24,95.0,23.6,19.15,46.04,26.2733333333333,-49.94666666666666
263.09,0.29,0.79,8.51,37.24,95.0,23.6,19.74,45.32,20.159999999999968,-42.29999999999999
263.13,0.05,-0.16,9.0,37.24,95.0,23.6,20.44,44.62,15.269999999999968,-32.63666666666666
263.17,0.57,0.31,9.34,37.24,95.0,23.6,19.86,45.68,8.753333333333304,-24.98666666666666
263.21,0.6,0.16,9.21,37.24,95.0,23.6,19.86,46.04,-1.430000000000031,-15.323333333333325
263.25,0.24,-0.74,8.94,37.24,95.0,23.6,20.44,44.62,-10.800000000000031,-4.049999999999993
263.29,0.1,-1.26,8.69,37.24,95.0,23.6,19.39,46.04,-20.17000000000003,8.833333333333341
263.33,0.05,-1.9,9.23,37.24,95.0,23.6,20.21,45.68,-27.910000000000036,20.51000000000001
263.37,-0.33,-1.27,8.43,37.24,95.0,23.6,19.62,46.04,-37.6866666666667,30.57333333333334
263.41,0.24,-2.53,9.34,37.24,95.0,23.6,19.86,45.68,-45.4266666666667,37.41666666666668
263.45,0.47,-3.06,9.09,37.24,95.0,23.6,19.27,45.68,-53.980000000000025,43.05333333333334
263.49,0.25,-4.05,9.52,37.24,95.0,23.6,20.32,46.04,-59.2766666666667,45.873333333333335
263.53,-0.24,-3.77,8.95,37.24,95.0,23.6,19.86,45.68,-63.760000000000026,47.08333333333334
263.57,0.26,-3.11,8.5,37.24,95.0,23.6,20.32,45.68,-64.98333333333336,46.68000000000001
263.61,0.14,-3.09,8.53,37.24,95.0,23.6,19.62,46.04,-64.57333333333337,48.69333333333335
263.65,0.06,-3.23,9.4,37.24,95.0,23.6,20.32,46.78,-60.09000000000003,50.30333333333334
263.69,0.25,-4.19,9.82,37.24,95.0,23.6,20.44,43.94,-53.16333333333336,50.30333333333334
263.73,0.28,-3.82,9.52,37.24,95.0,23.6,19.74,45.68,-42.98000000000004,49.49666666666667
263.77,0.29,-3.5,8.96,37.24,95.0,23.6,20.09,46.04,-32.7966666666667,47.88666666666668
263.81,0.28,-3.39,9.27,37.24,95.0,23.6,20.79,44.62,-23.430000000000035,48.29000000000001
263.85,0.24,-2.34,9.33,37.24,95.0,23.6,20.9,44.28,-14.466666666666699,44.26333333333334
263.89,0.28,-1.31,8.99,37.24,95.0,23.6,20.32,46.04,-4.690000000000033,43.45666666666667
263.93,0.2,-1.3,9.17,37.24,95.0,23.6,20.44,44.62,7.126666666666634,40.23666666666667
263.97,0.35,-1.05,9.24,37.24,95.0,23.6,19.97,45.68,16.086666666666634,37.823333333333345
264.01,0.15,-1.34,8.97,37.24,95.0,23.6,19.97,44.62,25.04999999999997,32.59000000000001
264.05,0.05,-1.27,8.97,37.24,95.0,23.6,19.39,45.68,31.159999999999968,25.74333333333334
264.09,0.1,-0.52,9.1,37.24,95.0,23.6,19.97,45.68,36.8633333333333,17.69000000000001
264.13,0.28,0.46,9.07,37.24,95.0,23.6,20.9,44.28,41.7533333333333,8.026666666666673
264.17,0.1,0.88,9.26,37.24,95.0,23.6,19.74,45.68,45.82666666666663,-0.023333333333326323
264.21,0.37,0.88,9.13,37.24,95.0,23.6,18.92,46.04,49.493333333333304,-8.47666666666666
264.25,0.1,0.34,9.44,37.24,95.0,23.6,20.32,44.28,50.71333333333329,-15.319999999999993
264.29,0.18,0.57,9.39,37.24,95.0,23.6,21.02,46.41,50.7133333333333,-22.166666666666657
264.33,0.26,0.86,9.36,37.24,95.0,23.6,22.74,45.32,51.529999999999966,-29.816666666666663
264.37,0.23,2.86,9.1,37.24,95.0,23.6,19.86,47.15,50.30999999999997,-37.87
264.41,0.21,3.28,9.26,37.24,95.0,23.6,19.86,46.04,48.27333333333329,-44.309999999999995
264.45,0.18,3.29,9.27,37.24,95.0,23.6,19.39,46.04,44.606666666666634,-46.72666666666667
264.49,0.17,1.64,9.54,37.24,95.0,23.6,20.21,44.28,41.34666666666663,-47.93333333333334
264.53,0.34,1.53,9.2,37.24,95.0,23.6,18.92,44.97,38.493333333333304,-51.15333333333333
264.57,0.13,2.73,9.43,37.24,95.0,23.6,19.97,44.28,36.04666666666663,-55.18
264.61,0.43,3.63,9.48,37.24,95.0,23.6,20.09,46.04,32.37999999999997,-55.18
264.65,0.24,2.06,9.38,37.24,95.0,23.6,20.21,44.28,27.086666666666634,-49.94666666666666
264.69,0.23,1.06,8.84,37.24,95.0,23.6,20.09,44.62,20.976666666666635,-41.089999999999996
264.73,0.04,0.36,8.84,37.24,95.0,23.6,19.62,46.04,14.866666666666633,-32.63666666666666
264.77,0.23,0.71,9.34,37.24,95.0,23.6,21.02,44.62,9.976666666666633,-24.183333333333326
264.81,-0.09,1.0,8.71,37.24,95.0,23.6,20.44,44.28,2.6433333333333002,-16.533333333333328
264.85,0.01,0.03,8.87,37.24,95.0,23.6,19.86,46.04,-5.0966666666666995,-5.663333333333328
264.89,-0.25,-1.37,8.68,37.24,95.0,23.6,20.67,43.28,-16.0966666666667,3.1933333333333387
264.93,0.14,-2.15,9.08,37.24,95.0,23.6,20.44,44.97,-25.0566666666667,14.06333333333334
264.97,0.49,-2.29,9.2,37.24,95.0,23.6,20.44,46.41,-33.2066666666667,23.32333333333334
265.01,0.66,-3.12,9.34,37.24,95.0,23.6,20.44,45.32,-40.13000000000003,30.97333333333334
265.05,0.73,-3.26,8.28,37.24,95.0,23.6,19.62,46.04,-49.09333333333336,39.02666666666667
265.09,0.12,-3.0,8.59,37.24,95.0,23.6,20.21,45.68,-56.0166666666667,43.86000000000001
265.13,0.57,-3.87,9.29,37.24,95.0,23.6,18.92,44.97,-62.5366666666667,47.88666666666668
265.17,-0.03,-3.15,8.85,37.24,95.0,23.6,19.74,45.68,-63.35000000000003,49.49666666666667
265.21,0.15,-3.34,9.1,37.24,95.0,23.6,20.09,44.62,-63.35000000000003,50.70333333333334
265.25,0.69,-3.36,8.57,37.24,95.0,23.6,20.09,44.62,-57.24000000000003,51.910000000000004
265.29,0.17,-2.63,9.31,37.24,95.0,23.6,21.13,45.68,-52.35333333333336,51.50666666666667
265.33,0.47,-3.66,9.59,37.24,95.0,23.6,19.62,46.04,-44.613333333333365,51.10333333333333
265.37,0.39,-3.92,9.21,37.24,95.0,23.6,19.51,45.68,-34.833333333333364,51.103333333333346
265.41,0.39,-3.12,8.78,37.24,95.0,23.6,20.21,44.28,-24.240000000000027,51.10333333333333
265.45,0.37,-2.34,9.09,37.24,95.0,23.6,20.44,44.62,-12.426666666666696,49.49333333333334
265.49,0.65,-1.65,9.25,37.24,95.0,23.6,20.79,45.68,-3.4666666666666948,45.470000000000006
265.53,0.41,-0.52,9.06,37.24,95.0,23.6,20.09,44.62,7.939999999999972,41.04333333333334
265.57,0.1,-0.71,9.19,37.24,95.0,23.6,19.97,44.28,15.679999999999971,35.00333333333334
265.61,0.08,-1.18,9.08,37.24,95.0,23.6,20.56,45.68,25.049999999999972,28.96333333333334
265.65,-0.06,-1.33,8.86,37.24,95.0,23.6,19.62,45.32,30.343333333333305,23.32666666666667
265.69,-0.0,-0.63,8.9,37.24,95.0,23.6,20.44,44.62,38.08333333333331,17.69000000000001
265.73,0.26,0.47,9.31,37.24,95.0,23.6,19.39,47.92,42.566666666666634,12.45666666666667
265.77,0.99,0.83,9.31,37.24,95.0,23.6,19.74,46.04,49.086666666666645,2.3900000000000055
265.81,0.41,1.06,8.66,37.24,95.0,23.6,19.62,46.04,51.52999999999997,-7.269999999999995
265.85,-0.51,0.7,9.01,37.24,95.0,23.6,20.09,45.32,55.19666666666664,-15.72666666666666
265.89,-0.48,0.16,9.84,37.24,95.0,23.6,20.79,46.04,53.56666666666664,-22.16666666666666
265.93,-0.15,1.53,9.25,37.24,95.0,23.6,20.21,45.68,54.383333333333304,-28.20666666666666
265.97,0.3,2.31,9.45,37.24,95.0,23.6,19.62,45.68,51.52999999999997,-33.43999999999999
266.01,0.31,3.48,9.13,37.24,95.0,23.6,19.62,44.97,49.89999999999997,-37.86999999999999
266.05,0.35,3.36,9.23,37.24,95.0,23.6,21.48,44.62,45.00999999999997,-41.896666666666654
266.09,0.09,2.0,9.16,37.24,95.0,23.6,20.44,44.28,42.15999999999997,-48.336666666666666
266.13,0.37,1.68,8.94,37.24,95.0,23.6,19.86,46.04,40.123333333333306,-53.56999999999999
266.17,0.08,2.38,9.14,37.24,95.0,23.6,20.09,44.62,38.08666666666664,-55.18
266.21,0.5,3.03,9.42,37.24,95.0,23.6,19.86,46.04,34.82666666666664,-53.56999999999999
266.25,0.52,1.75,9.53,37.24,95.0,23.6,19.86,46.04,29.123333333333306,-49.94666666666666
266.29,0.38,1.56,9.03,37.24,95.0,23.6,20.79,46.04,25.049999999999972,-44.71333333333333
266.33,0.03,0.54,9.12,37.24,95.0,23.6,20.09,46.41,17.716666666666637,-37.87
266.37,0.05,0.27,9.08,37.24,95.0,23.6,19.51,44.62,12.419999999999972,-28.206666666666663
266.41,0.14,0.68,9.02,37.24,95.0,23.6,20.9,44.28,3.049999999999972,-19.349999999999994
266.45,0.17,0.33,8.9,37.24,95.0,23.6,19.86,46.04,-5.506666666666696,-8.076666666666663
266.49,0.21,-1.4,9.1,37.24,95.0,23.6,20.44,44.62,-15.283333333333362,3.196666666666671
266.53,0.89,-2.16,9.29,37.24,95.0,23.6,19.39,46.04,-22.616666666666692,13.26333333333334
266.57,1.15,-2.81,9.42,37.24,95.0,23.6,20.21,45.68,-29.946666666666697,22.926666666666677
266.61,0.68,-2.8,9.66,37.24,95.0,23.6,20.56,46.04,-38.50000000000003,28.966666666666672
266.65,0.55,-2.4,9.13,37.24,95.0,23.6,19.39,46.04,-47.460000000000036,37.82333333333334
266.69,0.8,-3.79,9.49,37.24,95.0,23.6,19.62,45.68,-55.610000000000035,43.46
266.73,0.14,-3.31,8.7,37.24,95.0,23.6,19.86,47.92,-62.13000000000003,48.693333333333335
266.77,-0.02,-3.82,8.73,37.24,95.0,23.6,20.09,46.04,-66.61333333333337,48.693333333333335
266.81,0.17,-3.29,8.63,37.24,95.0,23.6,20.9,44.28,-65.7966666666667,47.88666666666668
266.85,0.04,-3.05,8.97,37.24,95.0,23.6,17.61,46.04,-61.31333333333337,49.093333333333334
266.89,0.48,-3.19,9.22,37.24,95.0,23.6,20.9,44.28,-54.79333333333337,48.69
266.93,0.39,-3.61,9.46,37.24,95.0,23.6,19.86,46.04,-47.460000000000036,48.69
266.97,0.5,-3.45,9.24,37.24,95.0,23.6,19.86,47.92,-36.87000000000003,47.48333333333333
267.01,0.3,-3.27,8.94,37.24,95.0,23.6,18.8,45.32,-24.65000000000003,47.083333333333336
267.05,0.18,-2.87,9.21,37.24,95.0,23.6,20.44,44.62,-13.24333333333336,47.083333333333336
267.09,0.17,-1.74,9.15,37.24,95.0,23.6,20.09,46.04,-5.503333333333362,44.26333333333334
267.13,0.3,-0.76,8.71,37.24,95.0,23.6,19.62,46.04,1.4233333333333047,42.25000000000001
267.17,0.35,-0.73,8.88,37.24,95.0,23.6,19.74,46.41,10.793333333333303,36.61333333333334
267.21,0.51,-1.15,8.72,37.24,95.0,23.6,20.21,44.28,19.34999999999997,32.58666666666667
267.25,0.33,-1.3,9.05,37.24,95.0,23.6,21.02,46.04,29.533333333333303,24.93666666666667
267.29,0.29,-0.9,9.05,37.24,95.0,23.6,20.9,44.28,35.64333333333331,17.286666666666672
267.33,0.4,-0.06,9.16,37.24,95.0,23.6,19.86,46.04,42.15999999999997,9.236666666666672
267.37,0.25,0.84,9.25,37.24,95.0,23.6,20.21,44.28,46.23333333333331,3.6000000000000045
267.41,0.58,1.08,9.22,37.24,95.0,23.6,20.44,45.68,49.08333333333331,-2.4366666666666625
267.45,0.18,0.82,9.41,37.24,95.0,23.6,20.44,44.62,52.74999999999997,-9.683333333333328
267.49,0.48,0.31,9.24,37.24,95.0,23.6,20.67,46.04,54.78666666666663,-17.73666666666666
267.53,0.14,0.92,9.77,37.24,95.0,23.6,19.62,46.04,55.19333333333331,-25.386666666666667
267.57,0.27,2.11,9.22,37.24,95.0,23.6,20.21,44.28,53.56333333333331,-32.63333333333333
267.61,0.31,3.13,9.48,37.24,95.0,23.6,19.97,46.04,51.93333333333331,-39.07333333333333
267.65,0.45,3.31,9.22,37.24,95.0,23.6,19.97,47.92,51.52666666666664,-43.099999999999994
267.69,0.16,2.15,9.27,37.24,95.0,23.6,20.79,46.41,50.306666666666636,-47.529999999999994
267.73,0.17,1.12,9.28,37.24,95.0,23.6,20.44,43.94,46.2333333333333,-51.556666666666665
267.77,0.21,1.95,9.44,37.24,95.0,23.6,19.39,45.68,40.52999999999997,-53.166666666666664
267.81,0.45,3.12,9.39,37.24,95.0,23.6,20.44,45.68,33.6033333333333,-53.166666666666664
267.85,0.22,3.26,9.31,37.24,95.0,23.6,20.21,44.97,27.493333333333307,-50.35
267.89,0.23,1.35,8.93,37.24,95.0,23.6,20.21,46.04,22.60666666666664,-45.923333333333325
267.93,0.35,-0.28,9.79,37.24,95.0,23.6,19.86,46.04,16.903333333333308,-38.67666666666666
267.97,0.15,1.23,8.56,37.24,95.0,23.6,19.62,46.04,11.199999999999974,-28.609999999999996
268.01,-0.14,0.94,9.06,37.24,95.0,23.6,20.44,44.97,5.08666666666664,-21.36333333333333
268.05,0.33,1.0,8.62,37.24,95.0,23.6,21.59,46.04,-2.6533333333333595,-12.10333333333333
268.09,0.34,-1.07,9.05,37.24,95.0,23.6,20.9,46.04,-10.39333333333336,-2.4399999999999955
268.13,-0.12,-1.99,8.71,37.24,95.0,23.6,20.21,45.68,-20.170000000000027,10.043333333333338
268.17,0.25,-2.21,8.76,37.24,95.0,23.6,20.21,45.68,-28.31666666666669,20.110000000000003
268.21,0.8,-2.64,9.37,37.24,95.0,23.6,19.86,46.04,-37.686666666666696,28.160000000000007
268.25,0.59,-1.91,8.36,37.24,95.0,23.6,19.97,44.28,-47.46333333333336,34.196666666666665
268.29,1.24,-3.03,8.19,37.24,95.0,23.6,19.97,44.62,-53.16666666666669,39.02666666666667
268.33,0.31,-3.11,8.77,37.24,95.0,23.6,20.09,46.41,-58.870000000000026,41.84666666666667
268.37,0.51,-4.43,9.62,37.24,95.0,23.6,19.86,44.62,-60.50000000000003,44.666666666666664
268.41,0.42,-4.21,9.49,37.24,95.0,23.6,20.56,44.62,-64.98333333333336,47.88666666666666
268.45,0.04,-3.49,9.08,37.24,95.0,23.6,20.44,44.28,-64.5766666666667,49.9
268.49,0.28,-3.19,8.81,37.24,95.0,23.6,20.21,44.28,-60.91000000000003,51.913333333333334
268.53,0.15,-3.77,9.44,37.24,95.0,23.6,20.09,44.62,-50.31666666666669,52.31666666666666
268.57,0.33,-3.69,9.15,37.24,95.0,23.6,20.21,45.68,-39.3166666666667,53.52333333333333
268.61,0.27,-3.25,9.25,37.24,95.0,23.6,19.51,45.68,-27.50333333333336,51.913333333333334
268.65,0.14,-3.0,8.96,37.24,95.0,23.6,20.09,46.04,-18.54000000000003,49.096666666666664
268.69,0.27,-2.14,9.2,37.24,95.0,23.6,20.32,46.04,-9.170000000000028,46.28
268.73,0.52,-1.34,9.13,37.24,95.0,23.6,20.21,44.62,-0.20666666666669542,43.86333333333334
268.77,0.33,-0.79,8.65,37.24,95.0,23.6,20.09,44.62,10.789999999999973,41.04333333333334
268.81,0.1,-1.23,9.41,37.24,95.0,23.6,19.86,44.97,18.93666666666664,35.80666666666667
268.85,-0.08,-1.27,8.9,37.24,95.0,23.6,20.21,44.28,26.26999999999997,29.76666666666667
268.89,0.19,-0.86,8.89,37.24,95.0,23.6,19.86,46.04,31.566666666666634,21.71333333333334
268.93,0.37,-0.36,9.18,37.24,95.0,23.6,20.79,46.04,38.08666666666664,13.663333333333336
268.97,0.44,0.45,9.36,37.24,95.0,23.6,19.62,46.04,43.78999999999997,6.013333333333335
269.01,0.14,1.04,9.31,37.24,95.0,23.6,20.21,45.68,49.89999999999997,-1.2333333333333307
269.05,0.42,0.97,9.8,37.24,95.0,23.6,19.27,45.32,53.566666666666634,-9.286666666666664
269.09,0.4,0.45,9.25,37.24,95.0,23.6,20.67,45.68,56.419999999999966,-17.74
269.13,0.37,0.62,9.49,37.24,95.0,23.6,19.74,45.68,55.19999999999997,-23.776666666666667
269.17,0.65,1.24,9.26,37.24,95.0,23.6,20.09,46.04,53.97666666666664,-31.02333333333333
269.21,0.51,3.32,9.37,37.24,95.0,23.6,20.56,44.62,51.52999999999997,-36.25666666666667
269.25,0.25,3.26,9.04,37.24,95.0,23.6,20.21,45.68,49.08333333333331,-41.49333333333333
269.29,0.19,2.17,9.77,37.24,95.0,23.6,19.86,46.04,46.2333333333333,-43.50666666666666
269.33,0.18,1.47,8.99,37.24,95.0,23.6,21.48,45.68,41.7533333333333,-48.34
269.37,0.34,2.4,8.59,37.24,95.0,23.6,20.21,44.28,37.67999999999997,-51.156666666666666
269.41,0.49,3.04,8.93,37.24,95.0,23.6,20.9,44.62,32.78999999999997,-52.76666666666667
269.45,0.49,3.24,9.39,37.24,95.0,23.6,20.44,46.04,29.123333333333306,-52.76666666666667
269.49,-0.18,1.77,9.29,37.24,95.0,23.6,19.86,46.04,23.41999999999997,-49.949999999999996
269.53,0.34,1.47,8.52,37.24,95.0,23.6,19.86,45.68,19.34666666666664,-46.32666666666666
269.57,0.32,-0.25,8.99,37.24,95.0,23.6,20.44,44.97,13.236666666666638,-37.46666666666667
269.61,0.41,0.54,9.03,37.24,95.0,23.6,20.56,45.68,7.939999999999972,-28.606666666666666
269.65,0.64,0.36,9.37,37.24,95.0,23.6,20.56,45.68,1.8299999999999714,-16.529999999999998
269.69,0.27,-0.56,8.98,37.24,95.0,23.6,20.67,46.41,-5.910000000000029,-4.4533333333333305
269.73,-0.13,-1.47,8.77,37.24,95.0,23.6,19.39,45.32,-16.093333333333362,7.220000000000002
269.77,-0.37,-1.95,8.9,37.24,95.0,23.6,19.97,44.28,-26.686666666666696,16.480000000000004
269.81,0.13,-2.65,8.93,37.24,95.0,23.6,20.44,44.62,-35.65000000000003,25.74
269.85,-0.05,-1.9,8.77,37.24,95.0,23.6,20.32,46.04,-43.39000000000002,31.78
269.89,0.28,-3.07,9.02,37.24,95.0,23.6,20.21,44.97,-52.35333333333335,39.43
269.93,0.51,-3.76,9.86,37.24,95.0,23.6,19.62,45.68,-60.09333333333336,44.663333333333334
269.97,0.07,-3.54,8.86,37.24,95.0,23.6,20.44,44.62,-63.35333333333336,49.093333333333334
270.01,-0.06,-3.17,9.16,37.24,95.0,23.6,20.56,44.62,-64.98333333333336,51.51
270.05,0.33,-3.01,8.89,37.24,95.0,23.6,20.79,44.62,-64.17000000000003,51.913333333333334
270.09,0.04,-3.27,9.0,37.24,95.0,23.6,20.09,46.04,-62.13333333333336,52.71666666666667
270.13,0.33,-3.49,9.39,37.24,95.0,23.6,19.97,46.04,-54.39000000000002,53.12
270.17,0.19,-3.86,9.27,37.24,95.0,23.6,19.86,46.04,-44.203333333333354,51.913333333333334
270.21,0.23,-3.58,9.19,37.24,95.0,23.6,20.09,46.04,-31.98000000000003,49.5
270.25,0.11,-3.1,9.02,37.24,95.0,23.6,19.97,44.62,-18.94666666666669,47.48666666666667
270.29,0.4,-2.25,9.17,37.24,95.0,23.6,20.09,46.04,-9.576666666666691,45.07
270.33,0.46,-1.13,8.78,37.24,95.0,23.6,20.21,44.62,1.0133333333333094,42.653333333333336
270.37,0.13,-0.86,9.23,37.24,95.0,23.6,19.39,46.78,7.939999999999976,39.43333333333334
270.41,0.17,-1.07,9.16,37.24,95.0,23.6,21.02,44.28,16.49333333333331,34.60333333333334
270.45,0.12,-1.22,8.76,37.24,95.0,23.6,20.21,44.28,22.60666666666664,30.980000000000008
270.49,0.03,-0.93,9.05,37.24,95.0,23.6,20.21,44.28,29.12333333333331,23.733333333333338
270.53,0.21,-0.46,9.13,37.24,95.0,23.6,19.74,44.28,36.86333333333331,18.49666666666667
270.57,0.57,0.27,9.14,37.24,95.0,23.6,21.48,46.04,43.78666666666664,10.443333333333337
270.61,0.15,0.81,9.25,37.24,95.0,23.6,19.04,44.62,49.08333333333331,1.183333333333336
270.65,0.23,0.76,9.31,37.24,95.0,23.6,19.97,44.28,52.343333333333305,-8.879999999999997
270.69,0.48,0.51,9.21,37.24,95.0,23.6,20.32,46.04,52.74999999999998,-17.333333333333332
270.73,0.14,0.34,10.29,37.24,95.0,23.6,20.56,44.62,52.343333333333305,-22.569999999999997
270.77,0.45,1.93,9.23,37.24,95.0,23.6,19.39,46.04,49.89999999999998,-27.403333333333332
270.81,-0.06,3.31,9.03,37.24,95.0,23.6,19.97,44.28,48.67999999999998,-34.25
270.85,0.22,2.66,9.7,37.24,95.0,23.6,19.97,44.62,47.45666666666664,-39.48333333333333
270.89,0.26,2.8,9.34,37.24,95.0,23.6,20.56,46.04,45.82666666666665,-45.51999999999999
270.93,0.17,1.76,9.35,37.24,95.0,23.6,19.74,45.68,44.6033333333333,-48.74
270.97,0.28,2.43,8.75,37.24,95.0,23.6,20.32,45.68,40.52999999999997,-52.36333333333334
271.01,0.07,3.17,9.04,37.24,95.0,23.6,20.56,44.28,37.269999999999975,-52.36333333333334
271.05,0.35,3.44,9.2,37.24,95.0,23.6,20.44,46.04,31.15999999999998,-52.76666666666667
271.09,0.03,1.9,9.42,37.24,95.0,23.6,20.21,46.04,27.903333333333308,-49.946666666666665
271.13,0.03,0.87,9.28,37.24,95.0,23.6,19.39,46.41,23.829999999999973,-46.72666666666667
271.17,-0.03,1.24,8.9,37.24,95.0,23.6,19.51,45.68,18.533333333333307,-38.27
271.21,0.35,0.83,9.16,37.24,95.0,23.6,20.44,44.62,10.789999999999976,-28.61
271.25,0.53,0.37,9.13,37.24,95.0,23.6,19.97,44.28,2.2333333333333094,-18.543333333333333
271.29,0.29,-0.18,9.1,37.24,95.0,23.6,19.97,45.68,-7.136666666666691,-7.269999999999999
271.33,0.62,-1.13,9.08,37.24,95.0,23.6,21.02,44.62,-14.060000000000025,4.406666666666669
271.37,0.72,-2.2,8.97,37.24,95.0,23.6,20.44,46.41,-22.613333333333358,15.276666666666669
271.41,0.05,-1.8,8.61,37.24,95.0,23.6,19.86,46.04,-31.98333333333336,25.340000000000003
271.45,0.2,-2.22,8.96,37.24,95.0,23.6,20.09,44.62,-41.35333333333335,32.18333333333334
271.49,0.35,-3.25,8.54,37.24,95.0,23.6,20.44,44.28,-50.72333333333336,38.22
271.53,0.23,-3.66,9.07,37.24,95.0,23.6,20.09,44.62,-56.426666666666684,42.24666666666667
271.57,0.17,-3.69,9.48,37.24,95.0,23.6,19.62,44.97,-62.130000000000024,45.47
271.61,-0.03,-3.85,9.44,37.24,95.0,23.6,19.86,46.04,-64.1666666666667,47.88666666666666
271.65,0.59,-3.93,8.6,37.24,95.0,23.6,20.21,44.97,-64.57333333333337,48.693333333333335
271.69,0.43,-3.31,9.26,37.24,95.0,23.6,20.79,46.04,-62.130000000000024,49.49666666666667
271.73,0.92,-3.12,8.58,37.24,95.0,23.6,19.04,45.68,-55.203333333333354,51.913333333333334
271.77,0.3,-2.85,8.53,37.24,95.0,23.6,19.86,46.04,-45.833333333333364,52.71666666666667
271.81,0.31,-3.19,8.78,37.24,95.0,23.6,19.74,46.04,-34.83333333333336,51.10666666666666
271.85,0.07,-3.14,9.11,37.24,95.0,23.6,19.74,44.62,-22.613333333333358,49.093333333333334
271.89,0.27,-2.18,8.9,37.24,95.0,23.6,20.09,46.04,-12.430000000000023,46.27666666666667
271.93,0.26,-1.33,9.09,37.24,95.0,23.6,20.79,44.62,-2.653333333333357,44.666666666666664
271.97,0.38,-1.37,9.77,37.24,95.0,23.6,19.97,47.92,5.086666666666643,41.84666666666667
272.01,0.24,-1.25,9.1,37.24,95.0,23.6,20.56,44.28,13.236666666666643,38.626666666666665
272.05,0.19,-1.32,9.18,37.24,95.0,23.6,20.21,44.97,20.97666666666664,32.586666666666666
272.09,0.24,-1.06,9.07,37.24,95.0,23.6,20.67,46.04,27.49333333333331,24.133333333333336
272.13,0.21,-0.3,9.05,37.24,95.0,23.6,20.44,44.62,36.046666666666646,17.28666666666667
272.17,0.26,0.47,9.05,37.24,95.0,23.6,19.51,45.68,42.15666666666664,11.650000000000004
272.21,0.49,0.67,9.25,37.24,95.0,23.6,20.21,44.97,47.45333333333331,5.20666666666667
272.25,0.28,0.71,9.22,37.24,95.0,23.6,19.62,46.04,50.71333333333331,-4.456666666666664
272.29,-0.08,0.47,9.19,37.24,95.0,23.6,19.51,45.68,55.19666666666664,-14.519999999999996
272.33,-0.01,0.86,8.97,37.24,95.0,23.6,19.74,45.32,56.0133333333333,-23.376666666666665
272.37,0.09,1.59,9.21,37.24,95.0,23.6,19.39,46.04,53.56999999999997,-28.609999999999996
272.41,-0.03,3.23,9.36,37.24,95.0,23.6,19.97,44.62,49.90333333333331,-33.04
272.45,0.2,2.85,9.81,37.24,95.0,23.6,19.97,44.28,48.67999999999998,-38.67666666666667
272.49,0.21,3.38,9.04,37.24,95.0,23.6,20.44,44.62,48.269999999999975,-43.10333333333333
272.53,0.17,1.91,8.93,37.24,95.0,23.6,20.21,45.68,47.046666666666646,-47.53
272.57,0.04,1.81,9.52,37.24,95.0,23.6,20.56,44.62,43.379999999999974,-47.93
272.61,0.36,2.7,9.52,37.24,95.0,23.6,19.74,44.28,38.49333333333331,-50.346666666666664
272.65,0.08,3.68,8.91,37.24,95.0,23.6,20.44,44.97,34.013333333333314,-53.166666666666664
272.69,0.43,1.51,9.67,37.24,95.0,23.6,20.44,44.28,28.716666666666644,-53.57
272.73,0.53,2.05,8.9,37.24,95.0,23.6,20.21,44.97,22.606666666666644,-49.14000000000001
272.77,0.26,0.56,8.78,37.24,95.0,23.6,19.39,45.68,15.27333333333331,-38.67333333333334
272.81,-0.41,1.23,8.96,37.24,95.0,23.6,18.8,45.68,7.939999999999976,-27.400000000000002
272.85,-0.34,1.02,8.48,37.24,95.0,23.6,19.97,44.62,1.8266666666666431,-16.13
272.89,0.27,0.58,8.84,37.24,95.0,23.6,19.86,45.68,-5.913333333333358,-8.076666666666666
272.93,0.38,-0.82,8.92,37.24,95.0,23.6,20.09,44.62,-12.836666666666693,3.1966666666666668
272.97,-0.08,-2.05,8.72,37.24,95.0,23.6,19.51,46.04,-22.613333333333355,12.056666666666667
273.01,0.27,-2.1,8.37,37.24,95.0,23.6,20.56,45.68,-29.946666666666687,22.926666666666666
273.05,0.05,-3.21,9.14,37.24,95.0,23.6,20.21,45.32,-40.133333333333354,29.77
273.09,-0.16,-3.38,9.17,37.24,95.0,23.6,20.79,46.04,-48.28000000000002,35.806666666666665
273.13,0.23,-3.29,9.21,37.24,95.0,23.6,19.62,46.04,-57.65000000000001,41.04
273.17,0.29,-3.74,8.27,37.24,95.0,23.6,20.32,46.04,-63.35333333333335,44.26
273.21,0.11,-4.15,9.11,37.24,95.0,23.6,20.32,45.32,-64.16666666666669,47.48333333333333
273.25,0.22,-3.09,8.44,37.24,95.0,23.6,19.86,46.04,-64.98000000000003,49.093333333333334
273.29,0.39,-3.59,9.74,37.24,95.0,23.6,19.97,46.04,-61.72000000000003,52.31333333333333
273.33,0.17,-2.97,9.33,37.24,95.0,23.6,19.15,46.04,-57.6466666666667,53.116666666666674
273.37,0.53,-2.96,8.77,37.24,95.0,23.6,20.32,46.04,-48.68666666666669,52.71666666666666
273.41,0.0,-3.93,9.5,37.24,95.0,23.6,19.51,44.97,-39.31666666666669,50.70333333333334
273.45,0.31,-3.56,9.17,37.24,95.0,23.6,20.56,44.28,-27.91000000000002,50.300000000000004
273.49,0.13,-2.41,9.2,37.24,95.0,23.6,20.56,46.04,-16.09333333333336,47.88333333333333
273.53,0.39,-1.62,8.96,37.24,95.0,23.6,20.44,44.62,-5.093333333333357,46.27333333333333
273.57,0.2,-0.93,9.66,37.24,95.0,23.6,20.21,47.92,4.68333333333331,42.65
273.61,0.09,-0.96,8.91,37.24,95.0,23.6,19.62,45.68,15.27333333333331,40.23333333333333
273.65,0.41,-1.42,9.16,37.24,95.0,23.6,20.44,44.28,23.01333333333331,33.38999999999999
273.69,0.06,-1.2,9.11,37.24,95.0,23.6,20.32,44.62,31.97666666666664,25.743333333333336
273.73,0.1,-0.48,8.87,37.24,95.0,23.6,19.62,45.32,35.23666666666664,18.496666666666666
273.77,0.36,0.29,9.08,37.24,95.0,23.6,20.32,45.32,40.939999999999976,10.846666666666666
273.81,0.81,0.82,9.19,37.24,95.0,23.6,20.67,45.32,42.56666666666664,4.806666666666667
273.85,0.7,0.87,9.25,37.24,95.0,23.6,20.09,46.04,46.63999999999998,-4.05
273.89,-0.08,0.5,9.12,37.24,95.0,23.6,20.79,46.04,50.71333333333331,-12.100000000000001
273.93,0.6,0.13,9.06,37.24,95.0,23.6,20.44,44.62,54.379999999999974,-19.346666666666668
273.97,0.52,1.24,8.92,37.24,95.0,23.6,20.9,44.28,55.19333333333331,-26.19
274.01,0.34,1.87,9.36,37.24,95.0,23.6,20.32,46.04,51.93333333333331,-31.02333333333333
274.05,0.13,3.68,9.21,37.24,95.0,23.6,20.67,44.28,48.67666666666665,-38.27
274.09,0.33,3.03,9.38,37.24,95.0,23.6,20.21,44.28,45.82666666666665,-41.49333333333333
274.13,0.09,2.13,9.09,37.24,95.0,23.6,19.62,45.68,45.013333333333314,-45.919999999999995
274.17,0.08,1.29,9.31,37.24,95.0,23.6,20.67,46.04,42.97666666666664,-48.74
274.21,0.17,1.97,9.44,37.24,95.0,23.6,19.86,46.04,39.309999999999974,-52.76333333333334
274.25,0.06,3.27,9.21,37.24,95.0,23.6,20.56,44.28,34.013333333333314,-53.166666666666664
274.29,0.17,2.82,9.46,37.24,95.0,23.6,19.97,44.62,29.529999999999973,-51.55666666666667
274.33,0.43,2.16,9.12,37.24,95.0,23.6,19.62,46.04,23.826666666666643,-47.129999999999995
274.37,0.44,-0.16,8.81,37.24,95.0,23.6,19.62,45.32,18.939999999999976,-40.28666666666667
274.41,0.26,1.23,9.16,37.24,95.0,23.6,20.44,46.41,12.016666666666643,-33.04
274.45,0.69,0.38,9.21,37.24,95.0,23.6,20.09,44.28,4.68333333333331,-23.78
274.49,0.76,0.04,9.15,37.24,95.0,23.6,20.44,46.04,-3.05666666666669,-14.923333333333334
274.53,0.78,-1.36,9.08,37.24,95.0,23.6,19.86,45.68,-13.243333333333359,-2.44
274.57,0.72,-1.95,9.22,37.24,95.0,23.6,20.32,46.04,-20.98333333333336,8.03
274.61,0.59,-2.29,9.37,37.24,95.0,23.6,19.86,47.92,-31.576666666666686,19.30333333333333
274.65,0.46,-2.3,9.06,37.24,95.0,23.6,21.36,44.28,-40.54000000000002,26.146666666666665
274.69,0.68,-2.94,9.09,37.24,95.0,23.6,20.56,44.62,-47.46666666666669,34.196666666666665
274.73,0.5,-3.05,8.98,37.24,95.0,23.6,19.86,45.68,-53.983333333333356,37.416666666666664
274.77,0.13,-4.22,8.98,37.24,95.0,23.6,20.67,46.04,-57.24000000000003,42.24666666666667
274.81,0.39,-3.9,8.66,37.24,95.0,23.6,20.9,44.62,-63.35000000000002,44.663333333333334
274.85,-0.1,-3.57,9.33,37.24,95.0,23.6,20.21,44.28,-65.39000000000003,49.093333333333334
274.89,0.35,-4.14,9.52,37.24,95.0,23.6,20.21,45.68,-65.39000000000003,52.31666666666666
274.93,0.25,-3.01,9.17,37.24,95.0,23.6,20.21,44.28,-58.46333333333336,55.13333333333333
274.97,0.47,-2.94,8.68,37.24,95.0,23.6,20.09,44.62,-47.870000000000026,54.32666666666666
275.01,0.18,-3.1,8.56,37.24,95.0,23.6,20.21,45.68,-36.46333333333336,53.52
275.05,0.32,-3.58,9.11,37.24,95.0,23.6,19.86,45.32,-27.910000000000025,50.29999999999999
275.09,0.17,-2.61,8.83,37.24,95.0,23.6,20.44,44.28,-18.540000000000024,47.88666666666666
275.13,0.23,-1.88,8.88,37.24,95.0,23.6,20.44,44.62,-8.35666666666669,45.47
275.17,0.3,-1.11,8.68,37.24,95.0,23.6,19.62,46.04,2.6433333333333096,44.26333333333333
275.21,0.11,-0.9,9.21,37.24,95.0,23.6,18.21,46.04,13.64333333333331,39.43
275.25,0.3,-1.45,9.08,37.24,95.0,23.6,20.32,46.04,20.97666666666664,32.586666666666666
275.29,0.04,-1.53,9.17,37.24,95.0,23.6,20.21,44.28,27.903333333333308,25.74
275.33,0.15,-0.85,9.01,37.24,95.0,23.6,20.44,44.28,31.97666666666664,20.506666666666668
275.37,0.28,0.01,9.03,37.24,95.0,23.6,20.79,46.04,38.08666666666664,12.85666666666667
275.41,0.26,0.53,9.11,37.24,95.0,23.6,20.44,44.62,43.383333333333304,6.013333333333333
275.45,0.06,0.96,8.85,37.24,95.0,23.6,20.09,45.32,49.493333333333304,-1.2333333333333336
275.49,0.4,0.37,8.76,37.24,95.0,23.6,20.32,46.04,51.52999999999997,-7.273333333333333
275.53,-0.24,0.58,8.84,37.24,95.0,23.6,20.21,44.62,53.56666666666664,-14.923333333333334
275.57,0.19,0.56,9.07,37.24,95.0,23.6,19.62,46.04,52.75333333333331,-21.363333333333333
275.61,0.19,1.92,9.08,37.24,95.0,23.6,20.32,46.04,51.5333333333333,-29.01
275.65,0.25,3.6,9.35,37.24,95.0,23.6,20.21,44.28,49.90333333333331,-36.25666666666667
275.69,0.21,3.12,9.29,37.24,95.0,23.6,20.67,46.04,47.866666666666646,-43.50333333333333
275.73,0.25,2.13,9.14,37.24,95.0,23.6,19.86,45.32,45.82999999999998,-47.93333333333334
275.77,0.04,1.71,9.11,37.24,95.0,23.6,20.09,46.04,42.56999999999997,-52.35999999999999
275.81,0.13,2.12,8.94,37.24,95.0,23.6,19.86,46.04,37.67999999999998,-53.57
275.85,0.06,3.37,9.44,37.24,95.0,23.6,20.44,44.28,33.60333333333331,-54.776666666666664
275.89,0.46,3.18,9.58,37.24,95.0,23.6,20.9,44.62,27.899999999999977,-51.96
275.93,-0.27,2.01,8.99,37.24,95.0,23.6,20.44,44.62,23.826666666666643,-47.53
275.97,-0.1,1.17,9.31,37.24,95.0,23.6,20.21,46.04,18.12333333333331,-40.28333333333334
276.01,0.12,0.81,9.23,37.24,95.0,23.6,19.62,45.68,13.236666666666641,-32.23
276.05,0.66,0.56,9.04,37.24,95.0,23.6,19.62,46.04,5.089999999999976,-23.776666666666667
276.09,0.64,0.49,9.12,37.24,95.0,23.6,20.21,45.68,-1.4266666666666905,-13.31
276.13,0.51,-0.65,9.03,37.24,95.0,23.6,20.44,44.62,-11.206666666666692,-2.4399999999999995
276.17,0.31,-1.57,9.02,37.24,95.0,23.6,20.56,44.62,-18.133333333333358,9.236666666666666
276.21,0.65,-2.12,9.22,37.24,95.0,23.6,20.56,46.04,-28.726666666666688,18.49666666666667
276.25,0.56,-2.05,9.24,37.24,95.0,23.6,19.86,46.04,-36.05666666666669,26.950000000000003
276.29,0.29,-1.73,8.48,37.24,95.0,23.6,20.44,44.28,-46.24000000000003,32.18333333333334
276.33,0.4,-2.79,8.94,37.24,95.0,23.6,19.97,46.04,-52.75666666666669,37.82
276.37,0.48,-4.13,9.39,37.24,95.0,23.6,19.62,46.04,-59.27666666666669,41.846666666666664
276.41,0.64,-4.67,9.09,37.24,95.0,23.6,19.86,45.32,-61.313333333333354,44.26333333333333
276.45,0.12,-3.15,8.96,37.24,95.0,23.6,19.74,43.94,-62.53666666666669,45.47
276.49,0.17,-3.65,9.38,37.24,95.0,23.6,21.02,44.62,-60.09333333333336,47.88666666666666
276.53,0.34,-3.17,9.08,37.24,95.0,23.6,20.09,44.62,-56.836666666666694,52.31333333333333
276.57,0.33,-2.62,8.39,37.24,95.0,23.6,19.62,46.04,-51.13333333333336,55.53666666666666
276.61,0.47,-3.14,8.49,37.24,95.0,23.6,20.44,44.62,-43.39333333333335,55.94
276.65,0.25,-3.84,9.14,37.24,95.0,23.6,21.02,46.04,-32.39333333333336,53.92666666666667
276.69,0.2,-3.08,8.87,37.24,95.0,23.6,20.44,44.62,-20.576666666666693,52.31333333333333
276.73,0.33,-1.91,9.02,37.24,95.0,23.6,20.21,44.28,-10.79666666666669,49.49333333333334
276.77,0.57,-1.07,8.84,37.24,95.0,23.6,19.62,46.04,-2.650000000000024,46.27333333333333
276.81,0.39,-1.18,9.51,37.24,95.0,23.6,19.86,45.68,6.3099999999999765,40.63999999999999
276.85,0.41,-1.54,9.24,37.24,95.0,23.6,19.86,46.04,15.679999999999977,35.00333333333333
276.89,0.17,-1.73,9.4,37.24,95.0,23.6,19.62,45.68,24.23666666666664,29.77
276.93,0.16,-1.16,9.11,37.24,95.0,23.6,20.56,46.04,31.569999999999975,22.12
276.97,0.16,-0.33,8.99,37.24,95.0,23.6,19.86,46.04,37.67999999999998,13.666666666666666
277.01,0.04,0.54,8.98,37.24,95.0,23.6,20.32,46.04,44.19666666666664,5.213333333333333
277.05,-0.03,1.11,9.0,37.24,95.0,23.6,20.56,46.41,49.89999999999998,-1.2300000000000004
277.09,-0.1,0.66,9.13,37.24,95.0,23.6,20.67,45.68,55.19666666666664,-6.866666666666667
277.13,0.11,0.54,8.88,37.24,95.0,23.6,20.44,44.28,55.60333333333332,-14.516666666666666
277.17,0.08,0.71,9.14,37.24,95.0,23.6,20.44,44.62,55.60333333333332,-20.153333333333332
277.21,0.1,1.14,9.4,37.24,95.0,23.6,20.32,46.04,51.936666666666646,-27.80333333333333
277.25,0.3,3.67,9.05,37.24,95.0,23.6,20.56,44.62,52.34666666666664,-33.44
277.29,0.33,3.2,9.4,37.24,95.0,23.6,19.74,45.68,49.90333333333331,-39.07666666666666
277.33,0.27,2.64,9.59,37.24,95.0,23.6,20.09,46.04,49.49333333333331,-45.11666666666667
277.37,0.21,1.44,9.49,37.24,95.0,23.6,20.67,44.62,44.19666666666664,-49.546666666666674
277.41,0.01,1.82,9.5,37.24,95.0,23.6,19.39,45.68,39.71333333333331,-52.36333333333334
277.45,0.41,2.61,9.21,37.24,95.0,23.6,20.44,44.62,35.63999999999998,-51.96
277.49,0.31,3.88,9.13,37.24,95.0,23.6,19.86,45.68,31.15999999999997,-53.166666666666664
277.53,0.36,1.77,9.17,37.24,95.0,23.6,20.67,45.32,25.45666666666664,-51.556666666666665
277.57,-0.17,0.92,9.77,37.24,95.0,23.6,20.56,44.62,18.939999999999976,-45.919999999999995
277.61,0.42,-0.77,9.19,37.24,95.0,23.6,19.86,46.04,14.863333333333308,-35.85666666666667
277.65,0.41,1.37,9.04,37.24,95.0,23.6,19.97,44.62,10.789999999999978,-27.0
277.69,0.19,0.94,8.87,37.24,95.0,23.6,21.02,44.28,2.6433333333333096,-16.936666666666667
277.73,0.2,-0.06,8.98,37.24,95.0,23.6,20.21,45.68,-5.503333333333356,-7.676666666666667
277.77,0.25,-1.16,8.94,37.24,95.0,23.6,19.86,46.78,-17.316666666666688,4.0
277.81,0.01,-2.44,9.11,37.24,95.0,23.6,20.32,47.15,-26.686666666666692,13.26
277.85,0.19,-2.06,8.86,37.24,95.0,23.6,20.56,46.04,-36.870000000000026,21.71666666666667
277.89,0.33,-3.28,9.3,37.24,95.0,23.6,19.62,45.68,-43.79666666666669,29.76666666666667
277.93,0.14,-2.58,9.13,37.24,95.0,23.6,20.32,46.04,-49.50000000000002,34.6
277.97,0.21,-2.8,8.65,37.24,95.0,23.6,20.21,44.97,-57.24000000000003,40.64000000000001
278.01,0.51,-3.73,8.78,37.24,95.0,23.6,19.86,46.04,-61.72000000000003,44.666666666666664
278.05,0.4,-3.76,9.26,37.24,95.0,23.6,19.86,46.04,-66.20333333333336,49.49666666666667
278.09,0.01,-3.76,8.91,37.24,95.0,23.6,20.9,44.28,-64.98333333333336,51.10666666666666
278.13,0.33,-3.4,9.05,37.24,95.0,23.6,20.21,44.28,-62.13000000000003,52.71666666666667
278.17,0.42,-3.08,9.24,37.24,95.0,23.6,20.09,46.04,-54.7966666666667,53.120000000000005
278.21,0.37,-3.21,9.11,37.24,95.0,23.6,19.39,47.92,-46.646666666666704,54.326666666666675
278.25,0.37,-3.9,9.44,37.24,95.0,23.6,19.62,46.04,-36.870000000000026,51.913333333333334
278.29,0.14,-3.48,9.12,37.24,95.0,23.6,19.86,46.04,-26.276666666666696,51.51
278.33,0.28,-2.74,9.08,37.24,95.0,23.6,19.62,46.04,-15.28000000000003,48.69333333333333
278.37,0.08,-1.29,9.01,37.24,95.0,23.6,20.67,44.28,-5.910000000000028,46.276666666666664
278.41,0.31,-0.95,9.56,37.24,95.0,23.6,20.09,46.04,4.273333333333305,39.836666666666666
278.45,0.34,-0.99,9.12,37.24,95.0,23.6,22.05,44.28,14.866666666666639,34.2
278.49,0.32,-1.22,8.9,37.24,95.0,23.6,20.32,45.68,24.23666666666664,28.160000000000007
278.53,0.27,-1.28,8.97,37.24,95.0,23.6,19.62,46.04,31.16333333333331,23.730000000000004
278.57,0.2,-0.64,9.05,37.24,95.0,23.6,20.67,44.62,35.6433333333333,17.69
278.61,0.36,0.21,9.12,37.24,95.0,23.6,20.56,44.28,40.93666666666664,12.053333333333336
278.65,0.33,1.01,9.09,37.24,95.0,23.6,19.74,45.68,46.22999999999997,5.210000000000003
278.69,0.45,1.09,8.99,37.24,95.0,23.6,19.39,47.92,49.89666666666664,-0.8299999999999977
278.73,0.66,0.37,8.94,37.24,95.0,23.6,20.44,45.68,51.52666666666664,-9.686666666666666
278.77,0.16,0.34,9.55,37.24,95.0,23.6,20.44,44.62,51.93666666666664,-16.933333333333334
278.81,0.14,0.93,9.25,37.24,95.0,23.6,20.09,44.62,52.7533333333333,-24.58333333333333
278.85,0.18,2.85,9.42,37.24,95.0,23.6,19.51,45.68,52.346666666666636,-29.816666666666663
278.89,0.21,3.3,9.2,37.24,95.0,23.6,19.86,46.04,49.493333333333304,-35.453333333333326
278.93,0.28,3.46,9.36,37.24,95.0,23.6,20.21,45.68,46.23333333333331,-40.28333333333333
278.97,0.23,1.93,9.17,37.24,95.0,23.6,19.97,44.28,42.566666666666634,-46.72666666666667
279.01,0.13,1.6,9.21,37.24,95.0,23.6,19.74,44.62,41.34666666666664,-51.96
279.05,0.3,2.52,9.22,37.24,95.0,23.6,19.62,46.04,36.45666666666664,-54.376666666666665
279.09,0.43,3.38,9.18,37.24,95.0,23.6,20.44,45.68,33.19666666666664,-53.166666666666664
279.13,0.26,2.22,9.4,37.24,95.0,23.6,20.09,44.97,28.30666666666664,-49.94666666666666
279.17,1.21,1.34,8.65,37.24,95.0,23.6,20.09,46.04,23.013333333333303,-45.51666666666666
279.21,0.07,0.02,9.22,37.24,95.0,23.6,19.62,45.68,16.496666666666638,-37.46666666666666
279.25,0.18,1.21,9.15,37.24,95.0,23.6,20.21,45.68,9.163333333333306,-27.403333333333332
279.29,0.44,0.29,9.25,37.24,95.0,23.6,20.32,46.04,3.049999999999972,-18.546666666666663
279.33,0.43,0.38,9.05,37.24,95.0,23.6,20.44,44.62,-4.283333333333362,-8.479999999999995
279.37,0.5,-1.13,9.11,37.24,95.0,23.6,19.86,45.32,-14.466666666666697,0.38000000000000433
279.41,0.78,-2.48,9.05,37.24,95.0,23.6,19.97,44.28,-22.206666666666695,10.44666666666667
279.45,0.42,-2.68,9.15,37.24,95.0,23.6,20.9,44.62,-32.7966666666667,18.500000000000004
279.49,0.43,-2.33,9.04,37.24,95.0,23.6,20.44,44.28,-40.5366666666667,25.746666666666673
279.53,0.22,-2.16,8.5,37.24,95.0,23.6,20.44,44.62,-49.4966666666667,34.603333333333346
279.57,-0.38,-2.05,8.65,37.24,95.0,23.6,19.86,45.68,-54.79333333333337,38.62666666666667
279.61,0.4,-4.44,8.98,37.24,95.0,23.6,19.97,44.62,-60.09000000000003,44.663333333333334
279.65,0.03,-5.0,9.74,37.24,95.0,23.6,20.21,45.68,-62.5366666666667,46.67666666666667
279.69,0.31,-4.33,9.28,37.24,95.0,23.6,20.56,45.68,-62.13000000000003,49.900000000000006
279.73,-0.06,-3.32,9.53,37.24,95.0,23.6,19.62,46.04,-60.09333333333336,51.51333333333334
279.77,0.5,-3.24,9.47,37.24,95.0,23.6,19.86,46.04,-56.4266666666667,52.31666666666666
279.81,0.43,-3.19,9.34,37.24,95.0,23.6,20.56,45.68,-49.09333333333336,52.71666666666667
279.85,0.51,-2.88,8.78,37.24,95.0,23.6,19.86,46.04,-39.31666666666669,51.50666666666667
279.89,0.3,-3.27,8.75,37.24,95.0,23.6,20.44,44.28,-27.50333333333336,49.49333333333334
279.93,0.26,-3.22,9.16,37.24,95.0,23.6,20.09,44.62,-16.096666666666696,49.093333333333334
279.97,0.17,-2.03,8.94,37.24,95.0,23.6,21.02,46.04,-3.060000000000029,45.06666666666667
280.01,0.24,-1.25,9.87,37.24,95.0,23.6,19.62,46.04,5.903333333333305,43.053333333333335
280.05,0.17,-1.03,9.17,37.24,95.0,23.6,20.67,46.04,16.086666666666638,36.61000000000001
280.09,0.48,-1.05,9.07,37.24,95.0,23.6,20.44,44.28,23.41999999999997,30.57333333333334
280.13,0.33,-1.32,8.95,37.24,95.0,23.6,20.9,44.62,30.753333333333302,23.32666666666667
280.17,0.21,-0.71,8.97,37.24,95.0,23.6,20.79,46.04,36.04999999999997,15.676666666666671
280.21,0.03,-0.11,9.07,37.24,95.0,23.6,19.39,46.04,40.123333333333306,10.040000000000004
280.25,-0.11,0.68,9.19,37.24,95.0,23.6,20.79,46.04,46.23333333333331,1.9900000000000047
280.29,0.0,1.12,9.26,37.24,95.0,23.6,19.97,44.62,48.67666666666664,-3.2433333333333287
280.33,0.19,0.71,8.8,37.24,95.0,23.6,20.67,45.68,51.12,-10.893333333333329
280.37,0.17,0.88,8.82,37.24,95.0,23.6,20.9,44.28,51.52666666666664,-17.336666666666662
280.41,0.34,0.94,9.25,37.24,95.0,23.6,20.44,46.41,53.15666666666664,-24.58333333333333
280.45,0.23,1.77,8.92,37.24,95.0,23.6,20.09,46.04,51.52666666666664,-30.623333333333324
280.49,0.31,3.29,9.29,37.24,95.0,23.6,20.44,43.94,50.7133333333333,-37.46666666666666
280.53,0.34,3.34,9.32,37.24,95.0,23.6,19.74,45.68,47.86333333333331,-42.69999999999999
280.57,0.14,2.49,9.09,37.24,95.0,23.6,20.79,46.04,46.23666666666664,-49.13999999999999
280.61,0.02,1.66,9.08,37.24,95.0,23.6,17.97,46.04,41.346666666666636,-51.556666666666665
280.65,0.28,2.12,8.88,37.24,95.0,23.6,20.09,46.04,36.049999999999976,-54.776666666666664
280.69,0.4,3.28,9.08,37.24,95.0,23.6,19.97,43.28,32.383333333333304,-55.583333333333336
280.73,0.43,3.28,9.29,37.24,95.0,23.6,19.86,46.04,27.089999999999975,-53.56999999999999
280.77,0.06,1.23,9.5,37.24,95.0,23.6,20.44,46.04,23.423333333333307,-49.94666666666666
280.81,0.05,1.01,9.02,37.24,95.0,23.6,19.86,45.68,16.496666666666638,-41.89333333333333
280.85,0.07,1.01,9.04,37.24,95.0,23.6,20.44,44.28,11.606666666666639,-35.04999999999999
280.89,0.74,0.27,9.65,37.24,95.0,23.6,20.44,44.62,4.679999999999971,-24.58333333333333
280.93,0.48,0.27,9.24,37.24,95.0,23.6,20.44,44.28,-1.4300000000000288,-15.726666666666661
280.97,0.51,-0.89,9.06,37.24,95.0,23.6,20.44,44.28,-9.576666666666696,-5.659999999999996
281.01,0.37,-2.17,9.12,37.24,95.0,23.6,20.09,46.04,-20.166666666666696,4.406666666666672
281.05,-0.19,-2.05,9.02,37.24,95.0,23.6,19.97,45.32,-30.76000000000003,16.08333333333334
281.09,0.18,-2.4,8.91,37.24,95.0,23.6,19.39,45.32,-39.72333333333336,25.74666666666667
281.13,0.57,-2.39,9.49,37.24,95.0,23.6,19.86,46.78,-47.873333333333356,33.39333333333334
281.17,0.95,-2.6,8.88,37.24,95.0,23.6,20.79,46.04,-54.7966666666667,38.62666666666667
281.21,0.19,-3.29,8.81,37.24,95.0,23.6,20.44,44.62,-59.2766666666667,44.663333333333334
281.25,0.57,-4.81,9.86,37.24,95.0,23.6,20.21,45.68,-62.1266666666667,49.093333333333334
281.29,0.22,-4.36,9.79,37.24,95.0,23.6,19.39,45.32,-62.1266666666667,49.89666666666667
281.33,0.46,-3.55,9.0,37.24,95.0,23.6,20.21,45.68,-60.4966666666667,51.51
281.37,0.16,-3.23,9.07,37.24,95.0,23.6,20.44,44.28,-54.79333333333336,49.9
281.41,0.49,-3.2,8.92,37.24,95.0,23.6,19.86,46.04,-48.2766666666667,51.51
281.45,0.23,-2.95,8.75,37.24,95.0,23.6,20.79,46.41,-40.13000000000003,51.10666666666666
281.49,0.25,-3.28,8.95,37.24,95.0,23.6,19.97,44.62,-29.54000000000003,51.910000000000004
281.53,0.29,-2.92,8.81,37.24,95.0,23.6,20.21,44.28,-18.54000000000003,51.10666666666666
281.57,0.34,-1.9,8.73,37.24,95.0,23.6,20.56,46.04,-6.726666666666695,45.873333333333335
281.61,0.61,-1.53,8.92,37.24,95.0,23.6,20.09,46.04,2.236666666666638,42.25
281.65,0.57,-0.92,8.97,37.24,95.0,23.6,20.67,46.04,12.419999999999972,38.223333333333336
281.69,0.39,-1.1,9.04,37.24,95.0,23.6,19.97,44.62,22.19666666666664,34.6
281.73,0.1,-1.27,9.28,37.24,95.0,23.6,19.97,46.04,30.343333333333305,29.36666666666667
281.77,0.06,-0.88,8.92,37.24,95.0,23.6,20.32,46.78,36.453333333333305,20.913333333333338
281.81,0.23,-0.3,9.0,37.24,95.0,23.6,19.62,46.04,39.306666666666636,14.066666666666668
281.85,0.36,0.33,8.97,37.24,95.0,23.6,21.48,46.04,45.41999999999998,5.613333333333336
281.89,0.34,0.79,9.04,37.24,95.0,23.6,19.97,44.97,48.67999999999997,-0.02333333333333106
281.93,0.46,0.76,8.97,37.24,95.0,23.6,20.09,46.04,51.52999999999997,-8.476666666666665
281.97,-0.03,0.65,8.9,37.24,95.0,23.6,20.44,44.28,51.93666666666664,-17.333333333333332
282.01,0.18,1.29,8.77,37.24,95.0,23.6,20.44,44.62,52.343333333333305,-24.179999999999996
282.05,0.14,1.48,9.25,37.24,95.0,23.6,19.86,46.41,51.123333333333306,-28.61
282.09,0.17,3.26,9.33,37.24,95.0,23.6,18.33,45.68,49.89999999999998,-32.23333333333333
282.13,0.35,2.85,9.39,37.24,95.0,23.6,19.97,44.28,47.45666666666664,-39.48
282.17,0.18,2.42,9.36,37.24,95.0,23.6,20.32,47.92,45.00999999999997,-45.919999999999995
282.21,0.16,1.34,9.18,37.24,95.0,23.6,19.86,46.04,40.123333333333306,-50.75333333333333
282.25,0.07,1.78,9.36,37.24,95.0,23.6,20.32,47.92,36.049999999999976,-51.556666666666665
282.29,0.1,2.76,9.33,37.24,95.0,23.6,20.09,46.04,33.19999999999997,-52.36333333333334
282.33,0.84,2.86,9.37,37.24,95.0,23.6,19.27,44.28,30.346666666666636,-50.75333333333333
282.37,0.36,1.41,9.55,37.24,95.0,23.6,20.67,45.68,25.45666666666664,-49.14333333333334
282.41,0.43,0.57,9.58,37.24,95.0,23.6,20.56,44.28,20.566666666666638,-42.699999999999996
282.45,-0.03,0.51,8.82,37.24,95.0,23.6,20.21,46.41,14.863333333333303,-37.06333333333333
282.49,1.05,0.48,9.64,37.24,95.0,23.6,20.21,44.62,9.566666666666638,-26.19333333333333
282.53,0.68,0.42,9.51,37.24,95.0,23.6,20.56,44.62,0.6066666666666377,-15.726666666666665
282.57,0.43,-0.63,9.05,37.24,95.0,23.6,20.21,44.28,-9.983333333333363,-2.4399999999999977
282.61,0.44,-1.41,9.12,37.24,95.0,23.6,20.44,44.28,-20.166666666666696,7.223333333333336
282.65,0.71,-2.14,9.37,37.24,95.0,23.6,20.67,46.04,-27.910000000000025,16.483333333333334
282.69,0.9,-2.16,8.9,37.24,95.0,23.6,19.74,44.97,-36.87333333333336,24.939999999999998
282.73,0.91,-3.06,9.13,37.24,95.0,23.6,19.62,45.68,-44.2066666666667,33.79666666666667
282.77,0.82,-3.21,9.18,37.24,95.0,23.6,19.62,47.92,-53.16666666666669,40.63999999999999
282.81,0.76,-3.73,9.36,37.24,95.0,23.6,20.09,46.04,-58.46333333333336,44.663333333333334
282.85,0.11,-4.53,9.62,37.24,95.0,23.6,20.56,44.28,-63.760000000000026,48.28666666666666
282.89,0.52,-4.31,9.47,37.24,95.0,23.6,20.9,44.62,-66.61333333333336,49.89666666666667
282.93,0.47,-3.93,9.4,37.24,95.0,23.6,20.32,46.04,-66.20666666666669,52.71666666666667
282.97,0.41,-3.33,9.27,37.24,95.0,23.6,17.37,44.97,-60.09333333333336,52.31333333333333
283.01,0.23,-3.37,9.29,37.24,95.0,23.6,19.97,44.28,-51.53666666666669,51.51
283.05,0.5,-3.29,8.81,37.24,95.0,23.6,19.86,46.04,-40.943333333333364,50.703333333333326
283.09,0.18,-3.03,8.56,37.24,95.0,23.6,19.74,46.04,-32.39000000000003,50.703333333333326
283.13,0.22,-3.3,9.28,37.24,95.0,23.6,19.86,45.32,-21.80000000000003,49.49666666666667
283.17,0.23,-2.16,8.93,37.24,95.0,23.6,19.97,44.28,-11.616666666666694,45.873333333333335
283.21,0.59,-1.22,9.0,37.24,95.0,23.6,19.62,45.68,-0.6166666666666956,43.05666666666667
283.25,0.58,-1.04,9.22,37.24,95.0,23.6,19.04,44.28,9.159999999999972,38.626666666666665
283.29,0.31,-1.4,9.42,37.24,95.0,23.6,19.62,46.04,16.899999999999974,35.00333333333334
283.33,0.01,-1.49,9.22,37.24,95.0,23.6,20.44,44.62,24.639999999999972,29.366666666666664
283.37,-0.0,-1.12,8.96,37.24,95.0,23.6,20.67,44.62,30.753333333333302,24.536666666666672
283.41,0.28,-0.34,9.05,37.24,95.0,23.6,20.44,44.28,38.08666666666664,16.083333333333336
283.45,0.24,0.47,8.97,37.24,95.0,23.6,20.09,44.62,45.0133333333333,8.433333333333334
283.49,-0.06,1.03,9.14,37.24,95.0,23.6,19.74,44.97,49.493333333333304,-0.023333333333333428
283.53,0.03,0.54,9.13,37.24,95.0,23.6,20.21,46.41,53.97666666666664,-6.87
283.57,-0.26,1.13,8.87,37.24,95.0,23.6,20.44,44.62,53.97666666666664,-14.116666666666667
283.61,0.32,0.42,9.24,37.24,95.0,23.6,20.09,46.04,54.78999999999997,-21.766666666666666
283.65,0.28,1.68,9.11,37.24,95.0,23.6,19.97,44.97,51.52999999999997,-27.403333333333336
283.69,0.28,2.88,9.37,37.24,95.0,23.6,20.21,46.04,51.119999999999976,-35.45666666666667
283.73,0.23,3.02,9.37,37.24,95.0,23.6,21.82,44.97,49.08333333333331,-41.093333333333334
283.77,0.19,3.17,9.42,37.24,95.0,23.6,19.62,46.04,46.22999999999997,-46.326666666666675
283.81,0.14,1.65,9.23,37.24,95.0,23.6,19.86,45.32,40.93666666666663,-49.949999999999996
283.85,0.14,1.86,9.05,37.24,95.0,23.6,20.79,46.04,39.309999999999974,-51.96333333333333
283.89,0.39,2.76,9.31,37.24,95.0,23.6,20.44,44.62,37.273333333333305,-53.169999999999995
283.93,0.17,3.7,9.33,37.24,95.0,23.6,19.86,46.04,34.0133333333333,-53.573333333333345
283.97,0.17,2.63,8.7,37.24,95.0,23.6,22.05,46.41,26.26999999999997,-49.949999999999996
284.01,0.24,1.42,9.34,37.24,95.0,23.6,21.13,44.28,19.34666666666664,-45.923333333333325
284.05,-0.37,-0.2,9.03,37.24,95.0,23.6,20.32,46.04,12.419999999999973,-37.06333333333333
284.09,0.31,0.6,9.02,37.24,95.0,23.6,20.21,45.68,6.309999999999971,-27.803333333333338
284.13,0.4,0.23,9.45,37.24,95.0,23.6,20.56,46.04,-0.616666666666695,-18.543333333333333
284.17,0.02,-0.08,9.1,37.24,95.0,23.6,21.13,44.62,-9.170000000000028,-8.076666666666666
284.21,0.21,-0.91,8.96,37.24,95.0,23.6,19.62,45.32,-18.54000000000003,2.393333333333333
284.25,0.17,-1.78,8.79,37.24,95.0,23.6,19.62,46.04,-28.72333333333337,14.469999999999999
284.29,-0.13,-2.29,9.04,37.24,95.0,23.6,19.62,45.68,-36.05666666666669,24.936666666666667
284.33,-0.58,-3.02,8.78,37.24,95.0,23.6,20.44,44.62,-43.390000000000036,32.986666666666665
284.37,-0.33,-2.78,8.74,37.24,95.0,23.6,20.44,44.62,-48.28000000000003,39.026666666666664
284.41,-0.33,-3.47,9.08,37.24,95.0,23.6,19.51,46.04,-55.2066666666667,42.65
284.45,0.07,-4.02,8.95,37.24,95.0,23.6,20.21,45.32,-59.686666666666696,44.663333333333334
284.49,0.18,-4.47,9.39,37.24,95.0,23.6,20.9,45.68,-63.35333333333336,49.093333333333334
284.53,0.03,-3.74,9.45,37.24,95.0,23.6,20.44,44.28,-61.3166666666667,49.9
284.57,0.3,-3.0,8.95,37.24,95.0,23.6,20.9,46.04,-55.613333333333365,50.70666666666667
284.61,0.44,-3.39,9.15,37.24,95.0,23.6,21.13,45.68,-47.87333333333336,49.093333333333334
284.65,0.51,-3.13,8.74,37.24,95.0,23.6,19.15,44.62,-40.13333333333336,50.300000000000004
284.69,0.17,-3.08,8.84,37.24,95.0,23.6,19.39,45.68,-31.986666666666697,51.910000000000004
284.73,0.13,-3.34,8.97,37.24,95.0,23.6,19.39,46.04,-23.840000000000032,51.91
284.77,0.19,-2.46,9.11,37.24,95.0,23.6,20.21,45.68,-13.653333333333364,51.10666666666666
284.81,0.73,-1.88,8.91,37.24,95.0,23.6,18.21,44.62,-3.4666666666666983,46.27666666666667
284.85,0.42,-1.18,9.7,37.24,95.0,23.6,20.9,44.62,5.903333333333303,41.04333333333333
284.89,0.25,-1.08,9.06,37.24,95.0,23.6,20.09,46.04,14.049999999999969,34.196666666666665
284.93,-0.04,-1.24,9.0,37.24,95.0,23.6,19.62,47.92,22.603333333333307,30.17
284.97,0.02,-1.27,8.95,37.24,95.0,23.6,20.44,46.04,31.566666666666634,23.73
285.01,0.18,-0.4,8.96,37.24,95.0,23.6,20.09,46.04,38.89999999999997,15.68
285.05,0.08,0.48,9.19,37.24,95.0,23.6,20.44,44.62,45.82666666666663,7.626666666666666
285.09,0.18,0.99,9.24,37.24,95.0,23.6,20.79,44.97,49.493333333333304,0.7799999999999999
285.13,0.44,0.89,9.4,37.24,95.0,23.6,20.56,45.68,54.383333333333304,-5.663333333333333
285.17,0.01,0.66,9.5,37.24,95.0,23.6,20.44,44.62,53.56666666666664,-12.103333333333333
285.21,0.42,0.28,9.15,37.24,95.0,23.6,19.86,46.04,53.15999999999997,-20.153333333333332
285.25,0.68,0.9,9.3,37.24,95.0,23.6,20.21,44.28,48.67666666666664,-25.790000000000003
285.29,0.41,2.32,9.35,37.24,95.0,23.6,20.21,45.68,47.45666666666663,-32.23333333333333
285.33,0.3,3.33,9.47,37.24,95.0,23.6,20.32,45.32,47.45666666666663,-39.48
285.37,0.29,3.41,9.35,37.24,95.0,23.6,20.32,45.68,46.23666666666664,-45.919999999999995
285.41,-0.06,1.84,9.54,37.24,95.0,23.6,19.62,46.04,42.56999999999997,-49.946666666666665
285.45,0.25,1.56,9.08,37.24,95.0,23.6,20.09,46.04,38.08666666666664,-50.75333333333333
285.49,0.14,1.91,9.34,37.24,95.0,23.6,20.67,45.32,34.419999999999966,-50.75333333333333
285.53,0.5,2.92,9.36,37.24,95.0,23.6,20.21,45.68,31.97666666666663,-51.15333333333333
285.57,0.41,2.49,9.14,37.24,95.0,23.6,20.56,44.62,27.903333333333304,-47.529999999999994
285.61,-0.43,2.32,8.96,37.24,95.0,23.6,19.51,42.96,24.236666666666636,-45.51666666666666
285.65,0.08,-0.06,8.84,37.24,95.0,23.6,22.28,46.41,17.30999999999997,-40.68666666666667
285.69,0.13,1.22,8.98,37.24,95.0,23.6,20.32,46.04,10.793333333333303,-33.43999999999999
285.73,0.01,1.15,8.98,37.24,95.0,23.6,20.21,45.68,3.8666666666666356,-22.97333333333333
285.77,0.32,0.26,9.02,37.24,95.0,23.6,20.67,45.32,-3.060000000000031,-10.49333333333333
285.81,0.36,-1.24,9.25,37.24,95.0,23.6,19.62,45.32,-11.616666666666697,-0.8299999999999977
285.85,0.48,-2.01,9.25,37.24,95.0,23.6,19.62,46.78,-20.58000000000003,11.65
285.89,0.51,-2.7,9.01,37.24,95.0,23.6,19.51,45.68,-30.356666666666698,22.12
285.93,0.25,-2.14,8.82,37.24,95.0,23.6,19.86,46.04,-40.13333333333336,32.99
285.97,0.12,-3.14,8.73,37.24,95.0,23.6,19.62,46.04,-49.503333333333366,38.223333333333336
286.01,0.17,-3.21,8.87,37.24,95.0,23.6,20.44,46.04,-55.613333333333365,41.04
286.05,-0.02,-3.79,8.88,37.24,95.0,23.6,20.56,44.62,-59.28000000000003,45.06666666666667
286.09,0.1,-4.35,9.36,37.24,95.0,23.6,20.09,46.78,-62.53666666666669,48.29
286.13,-0.04,-4.13,9.58,37.24,95.0,23.6,20.21,44.97,-64.1666666666667,51.913333333333334
286.17,0.3,-2.92,8.55,37.24,95.0,23.6,19.62,45.68,-61.31333333333336,53.52333333333333
286.21,0.17,-2.55,8.64,37.24,95.0,23.6,19.97,44.28,-53.16666666666669,53.52333333333333
286.25,0.16,-2.52,8.85,37.24,95.0,23.6,20.44,44.28,-44.20333333333337,52.71666666666667
286.29,0.31,-3.4,9.08,37.24,95.0,23.6,20.32,46.04,-33.613333333333365,48.29
286.33,0.32,-3.25,9.03,37.24,95.0,23.6,20.32,46.04,-24.650000000000034,47.48333333333334
286.37,0.17,-2.56,8.78,37.24,95.0,23.6,19.86,46.04,-14.060000000000032,46.68
286.41,0.05,-1.6,8.85,37.24,95.0,23.6,20.44,44.62,-3.8733333333333664,45.873333333333335
286.45,0.45,-1.27,8.63,37.24,95.0,23.6,20.67,44.28,4.273333333333301,43.05666666666667
286.49,0.44,-1.27,9.21,37.24,95.0,23.6,20.32,45.32,12.423333333333302,36.61333333333334
286.53,0.13,-1.27,8.96,37.24,95.0,23.6,20.21,46.41,18.126666666666633,31.783333333333335
286.57,0.23,-1.34,8.94,37.24,95.0,23.6,20.09,46.04,25.866666666666635,25.340000000000003
286.61,0.2,-0.73,9.13,37.24,95.0,23.6,20.09,44.62,34.82666666666663,20.51
286.65,0.26,-0.03,9.15,37.24,95.0,23.6,20.09,46.04,41.3433333333333,12.860000000000005
286.69,0.32,0.66,9.14,37.24,95.0,23.6,19.97,46.04,46.639999999999965,6.420000000000003
286.73,0.07,1.11,9.33,37.24,95.0,23.6,20.44,45.68,47.86333333333331,-1.633333333333331
286.77,0.96,0.35,9.24,37.24,95.0,23.6,22.28,46.41,49.89999999999997,-8.076666666666664
286.81,0.36,0.65,9.14,37.24,95.0,23.6,20.21,45.68,51.93666666666663,-15.323333333333332
286.85,-0.11,1.01,9.19,37.24,95.0,23.6,20.09,46.04,51.1233333333333,-23.776666666666667
286.89,0.35,1.65,9.27,37.24,95.0,23.6,20.44,44.28,50.71666666666663,-32.63333333333333
286.93,0.21,3.36,9.27,37.24,95.0,23.6,19.86,45.68,47.45666666666663,-41.089999999999996
286.97,0.31,3.45,9.5,37.24,95.0,23.6,19.27,46.04,45.82666666666663,-44.31
287.01,0.22,2.52,8.99,37.24,95.0,23.6,20.09,44.62,42.97666666666663,-47.126666666666665
287.05,0.12,1.41,9.16,37.24,95.0,23.6,20.32,46.04,39.30999999999997,-49.94333333333333
287.09,0.06,2.08,9.29,37.24,95.0,23.6,20.09,44.62,37.67999999999997,-53.56666666666666
287.13,0.18,3.42,9.06,37.24,95.0,23.6,19.15,45.32,34.419999999999966,-54.776666666666664
287.17,0.38,3.51,9.08,37.24,95.0,23.6,20.56,45.68,32.3833333333333,-53.56999999999999
287.21,-0.23,2.18,9.13,37.24,95.0,23.6,19.97,44.28,26.2733333333333,-49.946666666666665
287.25,-0.23,0.11,9.5,37.24,95.0,23.6,20.67,44.62,18.939999999999966,-43.50333333333333
287.29,0.13,1.03,9.29,37.24,95.0,23.6,20.09,46.04,11.606666666666634,-35.449999999999996
287.33,0.53,0.29,9.2,37.24,95.0,23.6,21.02,44.62,4.679999999999967,-23.776666666666667
287.37,0.81,0.11,9.21,37.24,95.0,23.6,20.79,46.04,-2.2466666666667,-14.116666666666665
287.41,0.43,-1.2,9.25,37.24,95.0,23.6,19.74,44.97,-12.023333333333367,-1.6366666666666643
287.45,0.14,-1.41,8.78,37.24,95.0,23.6,20.09,46.04,-21.393333333333363,6.820000000000003
287.49,0.39,-2.0,8.88,37.24,95.0,23.6,20.56,44.62,-29.54000000000003,18.093333333333337
287.53,0.61,-1.84,8.9,37.24,95.0,23.6,19.86,46.04,-38.09333333333336,26.54666666666667
287.57,0.78,-2.12,8.83,37.24,95.0,23.6,19.39,46.04,-47.46333333333337,36.21
287.61,0.63,-3.06,8.71,37.24,95.0,23.6,20.44,44.62,-54.7966666666667,43.05666666666667
287.65,0.42,-3.78,9.18,37.24,95.0,23.6,19.62,47.92,-59.28000000000003,47.89000000000001
287.69,0.43,-3.85,9.57,37.24,95.0,23.6,19.62,46.04,-61.3166666666667,50.70666666666667
287.73,0.46,-3.44,8.77,37.24,95.0,23.6,19.86,46.04,-64.1666666666667,51.51
287.77,-0.05,-3.28,9.18,37.24,95.0,23.6,19.74,46.04,-62.13000000000003,53.12
287.81,0.31,-3.06,8.95,37.24,95.0,23.6,20.09,46.41,-56.02000000000004,51.51
287.85,0.11,-3.76,9.42,37.24,95.0,23.6,19.62,45.32,-45.43000000000003,51.913333333333334
287.89,0.52,-3.61,9.12,37.24,95.0,23.6,20.44,46.78,-35.65000000000003,49.49666666666667
287.93,0.25,-3.21,8.86,37.24,95.0,23.6,20.67,44.62,-27.50000000000003,49.093333333333334
287.97,0.22,-3.02,9.13,37.24,95.0,23.6,20.79,46.04,-18.94333333333336,46.27666666666667
288.01,0.11,-2.22,9.28,37.24,95.0,23.6,20.44,44.62,-9.166666666666694,45.473333333333336
288.05,0.61,-1.4,9.2,37.24,95.0,23.6,20.44,44.28,0.20333333333330503,42.25333333333334
288.09,0.01,-1.07,9.37,37.24,95.0,23.6,19.39,46.04,7.943333333333306,39.43333333333334
288.13,0.26,-1.17,9.0,37.24,95.0,23.6,20.44,44.62,15.683333333333303,35.00333333333334
288.17,0.31,-1.4,8.97,37.24,95.0,23.6,20.9,44.28,24.23666666666664,28.560000000000002
288.21,0.31,-1.1,9.15,37.24,95.0,23.6,20.9,44.62,31.569999999999975,21.313333333333336
288.25,0.32,-0.44,9.1,37.24,95.0,23.6,19.86,46.04,37.67999999999997,14.066666666666668
288.29,0.33,0.28,8.88,37.24,95.0,23.6,19.62,46.04,41.75333333333331,7.62666666666667
288.33,-0.14,1.06,9.34,37.24,95.0,23.6,20.21,44.28,47.046666666666646,0.7833333333333362
288.37,-0.27,1.27,9.19,37.24,95.0,23.6,20.32,46.04,50.71333333333331,-8.07333333333333
288.41,0.47,0.31,9.02,37.24,95.0,23.6,19.74,44.62,54.78666666666664,-16.529999999999998
288.45,0.63,0.36,8.8,37.24,95.0,23.6,20.21,46.04,53.97333333333331,-25.389999999999997
288.49,0.28,1.3,9.22,37.24,95.0,23.6,20.79,46.41,52.343333333333305,-33.443333333333335
288.53,0.43,3.41,9.01,37.24,95.0,23.6,21.02,46.78,50.71333333333331,-40.28666666666666
288.57,0.24,2.97,9.52,37.24,95.0,23.6,19.86,46.04,48.67666666666664,-44.31
288.61,0.21,2.77,9.32,37.24,95.0,23.6,19.97,44.97,45.00999999999997,-47.126666666666665
288.65,0.18,1.59,9.11,37.24,95.0,23.6,20.09,46.04,40.123333333333306,-49.94333333333333
288.69,0.36,1.99,9.16,37.24,95.0,23.6,20.21,45.68,38.08666666666664,-52.35999999999999
288.73,0.21,2.95,9.28,37.24,95.0,23.6,19.62,45.68,34.41999999999998,-53.166666666666664
288.77,0.56,3.53,9.5,37.24,95.0,23.6,17.97,46.04,28.71666666666664,-50.75333333333333
288.81,0.42,1.81,9.09,37.24,95.0,23.6,19.97,44.62,23.013333333333307,-47.129999999999995
288.85,0.84,1.68,9.17,37.24,95.0,23.6,20.67,46.04,20.16333333333331,-41.49333333333333
288.89,0.12,0.76,8.44,37.24,95.0,23.6,20.09,46.04,14.86666666666664,-33.84333333333333
288.93,0.65,0.1,9.01,37.24,95.0,23.6,20.44,44.28,7.939999999999974,-26.193333333333328
288.97,0.48,0.86,9.13,37.24,95.0,23.6,20.09,44.62,-0.21000000000002603,-15.323333333333329
289.01,0.25,-0.09,8.93,37.24,95.0,23.6,19.62,46.04,-7.1366666666666925,-3.6466666666666616
289.05,0.02,-1.73,8.77,37.24,95.0,23.6,20.21,44.28,-16.506666666666693,8.030000000000006
289.09,0.37,-2.63,9.17,37.24,95.0,23.6,19.86,45.68,-27.50333333333336,16.483333333333338
289.13,0.03,-2.6,9.12,37.24,95.0,23.6,20.56,46.04,-36.05666666666669,24.93666666666667
289.17,0.52,-2.15,8.78,37.24,95.0,23.6,19.62,45.32,-44.61000000000002,31.780000000000005
289.21,0.11,-3.36,9.61,37.24,95.0,23.6,19.27,45.32,-52.35000000000002,39.03000000000001
289.25,0.69,-3.61,9.13,37.24,95.0,23.6,19.86,45.68,-60.4966666666667,43.46000000000001
289.29,0.24,-3.77,8.88,37.24,95.0,23.6,20.09,45.32,-62.94000000000003,48.693333333333335
289.33,0.36,-3.34,8.51,37.24,95.0,23.6,20.56,44.28,-62.53333333333336,53.120000000000005
289.37,0.24,-3.01,8.97,37.24,95.0,23.6,20.44,46.04,-58.05333333333336,53.923333333333346
289.41,0.2,-3.27,8.76,37.24,95.0,23.6,19.62,45.68,-53.16666666666669,55.13
289.45,0.04,-3.04,9.17,37.24,95.0,23.6,20.56,46.04,-46.65000000000003,51.910000000000004
289.49,0.4,-3.47,9.19,37.24,95.0,23.6,20.09,46.04,-40.13333333333336,51.910000000000004
289.53,0.22,-3.68,9.42,37.24,95.0,23.6,19.39,47.92,-32.393333333333366,50.300000000000004
289.57,0.37,-3.3,9.05,37.24,95.0,23.6,20.44,44.62,-22.206666666666695,50.70333333333334
289.61,0.36,-2.46,9.14,37.24,95.0,23.6,20.21,44.62,-12.02000000000003,49.900000000000006
289.65,0.5,-1.51,9.11,37.24,95.0,23.6,20.21,45.68,-0.6133333333333623,46.68000000000001
289.69,0.25,-0.76,9.2,37.24,95.0,23.6,19.39,45.68,7.939999999999972,42.653333333333336
289.73,0.47,-0.7,8.71,37.24,95.0,23.6,20.79,45.32,16.903333333333304,37.42000000000001
289.77,0.39,-1.05,9.04,37.24,95.0,23.6,20.44,46.04,23.423333333333304,32.186666666666675
289.81,0.24,-1.09,9.01,37.24,95.0,23.6,21.02,46.41,31.56999999999997,26.146666666666675
289.85,0.2,-0.42,8.9,37.24,95.0,23.6,20.67,46.04,39.71666666666664,18.093333333333337
289.89,0.25,0.24,9.19,37.24,95.0,23.6,19.62,46.78,46.639999999999965,10.040000000000004
289.93,0.4,1.16,9.12,37.24,95.0,23.6,20.67,46.78,49.89999999999997,0.37666666666667165
289.97,0.43,1.05,8.75,37.24,95.0,23.6,20.32,46.04,49.89999999999997,-6.4666666666666615
290.01,0.18,0.64,9.37,37.24,95.0,23.6,20.44,44.28,50.306666666666636,-15.323333333333329
290.05,0.41,0.46,9.26,37.24,95.0,23.6,20.79,46.04,51.93666666666664,-23.37333333333333
290.09,0.14,0.98,9.43,37.24,95.0,23.6,21.02,44.62,53.56666666666664,-30.22
290.13,0.28,2.82,9.2,37.24,95.0,23.6,20.09,46.04,52.7533333333333,-36.66333333333333
290.17,0.25,3.18,9.27,37.24,95.0,23.6,19.86,46.04,49.086666666666645,-40.28666666666666
290.21,0.22,3.29,9.31,37.24,95.0,23.6,19.74,44.97,45.0133333333333,-46.32333333333333
290.25,0.31,1.76,9.31,37.24,95.0,23.6,19.86,46.04,40.5333333333333,-48.73666666666666
290.29,0.15,2.03,9.15,37.24,95.0,23.6,20.21,44.28,37.273333333333305,-50.75
290.33,0.26,2.51,9.31,37.24,95.0,23.6,19.97,44.97,32.383333333333304,-51.15333333333333
290.37,0.21,3.3,9.84,37.24,95.0,23.6,19.86,45.68,28.71666666666664,-52.36333333333332
290.41,0.09,2.0,9.23,37.24,95.0,23.6,19.86,46.04,25.049999999999972,-51.559999999999995
290.45,1.13,0.28,8.99,37.24,95.0,23.6,19.74,46.04,20.569999999999972,-46.73
290.49,0.41,0.5,8.28,37.24,95.0,23.6,20.44,46.41,16.08666666666664,-38.67666666666667
290.53,0.55,0.59,9.2,37.24,95.0,23.6,20.21,45.32,8.753333333333305,-29.013333333333332
290.57,0.27,0.31,9.3,37.24,95.0,23.6,19.62,46.78,3.863333333333305,-18.143333333333327
290.61,0.0,0.32,9.05,37.24,95.0,23.6,20.44,44.28,-5.913333333333362,-6.8699999999999966
290.65,0.07,-1.0,8.95,37.24,95.0,23.6,19.51,46.04,-13.653333333333364,2.7933333333333383
290.69,0.29,-1.87,8.92,37.24,95.0,23.6,20.44,44.62,-23.43000000000003,12.456666666666672
290.73,0.66,-2.58,8.58,37.24,95.0,23.6,19.39,45.68,-32.80000000000003,22.52333333333334
290.77,0.44,-2.83,9.55,37.24,95.0,23.6,19.62,46.04,-43.39000000000002,31.380000000000006
290.81,-0.09,-3.21,9.97,37.24,95.0,23.6,20.44,44.28,-51.946666666666694,36.61333333333334
290.85,-0.05,-3.69,9.68,37.24,95.0,23.6,20.44,45.68,-58.870000000000026,41.84666666666667
290.89,0.76,-3.39,8.47,37.24,95.0,23.6,19.39,45.68,-62.5366666666667,48.29
290.93,0.33,-4.81,9.27,37.24,95.0,23.6,20.44,44.62,-63.756666666666696,53.92666666666668
290.97,0.54,-4.49,9.43,37.24,95.0,23.6,20.44,44.62,-60.09000000000003,56.74333333333334
291.01,0.01,-3.53,9.33,37.24,95.0,23.6,19.62,46.04,-54.79333333333337,57.143333333333345
291.05,0.41,-3.34,9.42,37.24,95.0,23.6,20.09,44.62,-47.87000000000003,56.74333333333334
291.09,0.62,-3.07,9.01,37.24,95.0,23.6,19.86,46.04,-38.91000000000003,53.92666666666668
291.13,0.34,-2.95,8.63,37.24,95.0,23.6,20.79,45.68,-30.76333333333336,51.11000000000001
291.17,0.25,-3.19,8.99,37.24,95.0,23.6,22.4,45.68,-21.393333333333363,46.68000000000001
291.21,0.12,-2.54,9.17,37.24,95.0,23.6,19.97,44.62,-12.430000000000028,46.27666666666668
291.25,0.71,-1.88,8.95,37.24,95.0,23.6,19.62,46.04,-3.466666666666695,44.66666666666668
291.29,0.4,-1.42,9.3,37.24,95.0,23.6,20.21,45.68,5.496666666666639,43.46000000000001
291.33,0.28,-0.86,8.91,37.24,95.0,23.6,20.67,44.28,12.829999999999972,37.01666666666668
291.37,0.03,-1.19,8.98,37.24,95.0,23.6,19.74,45.68,22.606666666666637,31.38000000000001
291.41,0.13,-0.99,9.03,37.24,95.0,23.6,20.21,44.28,29.123333333333306,25.74333333333334
291.45,0.07,-0.54,8.95,37.24,95.0,23.6,20.56,46.04,37.67666666666664,18.09333333333334
291.49,0.2,0.03,9.0,37.24,95.0,23.6,20.9,46.41,42.9733333333333,11.650000000000006
291.53,0.08,0.6,9.17,37.24,95.0,23.6,20.09,44.62,49.493333333333304,2.7900000000000067
291.57,0.78,0.8,9.53,37.24,95.0,23.6,20.09,46.04,51.123333333333306,-4.053333333333327
291.61,0.07,0.59,8.83,37.24,95.0,23.6,20.32,47.92,53.15999999999997,-12.50666666666666
291.65,0.09,0.82,9.01,37.24,95.0,23.6,20.67,44.62,51.52999999999997,-20.153333333333325
291.69,-0.32,1.32,9.21,37.24,95.0,23.6,19.86,46.04,51.52999999999997,-25.789999999999992
291.73,0.19,2.23,9.07,37.24,95.0,23.6,19.74,43.28,49.493333333333304,-35.04999999999999
291.77,0.22,3.14,9.34,37.24,95.0,23.6,20.09,46.04,47.45666666666663,-41.493333333333325
291.81,0.27,3.4,9.33,37.24,95.0,23.6,19.27,45.68,46.64333333333331,-47.93333333333333
291.85,0.05,2.59,8.95,37.24,95.0,23.6,20.67,46.41,45.82666666666663,-49.94666666666666
291.89,0.23,1.73,8.95,37.24,95.0,23.6,19.86,44.97,42.566666666666634,-52.36333333333332
291.93,0.18,2.19,8.7,37.24,95.0,23.6,20.21,46.04,35.639999999999965,-52.36333333333332
291.97,0.3,3.1,9.32,37.24,95.0,23.6,20.67,44.62,27.899999999999967,-52.36333333333332
292.01,-0.02,2.98,9.19,37.24,95.0,23.6,20.32,45.68,23.013333333333303,-50.75
292.05,0.37,1.49,9.61,37.24,95.0,23.6,20.44,44.62,19.34666666666664,-45.919999999999995
292.09,-0.14,0.78,9.38,37.24,95.0,23.6,19.86,46.04,15.273333333333305,-39.879999999999995
292.13,0.4,0.28,9.08,37.24,95.0,23.6,17.97,46.04,9.159999999999972,-29.816666666666663
292.17,0.09,0.91,9.11,37.24,95.0,23.6,20.32,46.04,1.4199999999999715,-21.359999999999996
292.21,0.24,0.43,9.01,37.24,95.0,23.6,20.21,43.28,-4.2833333333333625,-9.68666666666666
292.25,0.44,-1.36,9.1,37.24,95.0,23.6,19.86,46.04,-12.430000000000028,0.3800000000000067
292.29,0.51,-2.39,8.92,37.24,95.0,23.6,20.44,44.28,-20.170000000000027,9.640000000000008
292.33,-0.06,-2.48,9.02,37.24,95.0,23.6,19.74,45.68,-30.353333333333364,20.11000000000001
292.37,0.07,-2.27,8.57,37.24,95.0,23.6,19.86,45.68,-38.906666666666695,27.76000000000001
292.41,0.4,-3.47,8.59,37.24,95.0,23.6,19.86,46.04,-47.87000000000003,35.81000000000001
292.45,0.3,-3.23,8.43,37.24,95.0,23.6,20.44,45.68,-56.02000000000003,40.64000000000001
292.49,-0.01,-3.54,8.95,37.24,95.0,23.6,20.09,44.62,-60.09333333333336,45.06666666666667
292.53,0.16,-4.03,8.97,37.24,95.0,23.6,21.94,46.04,-62.130000000000024,49.49666666666667
292.57,0.1,-4.31,9.26,37.24,95.0,23.6,20.21,44.97,-61.72000000000003,51.913333333333334
292.61,-0.06,-3.8,9.66,37.24,95.0,23.6,20.21,44.28,-58.46333333333337,55.13333333333335
292.65,0.38,-3.26,9.3,37.24,95.0,23.6,20.56,44.62,-50.31333333333337,55.53666666666667
292.69,0.4,-3.35,9.31,37.24,95.0,23.6,20.09,46.04,-41.35333333333336,53.52333333333334
292.73,0.35,-2.96,8.81,37.24,95.0,23.6,20.09,46.04,-32.796666666666695,51.913333333333334
292.77,0.09,-3.3,8.96,37.24,95.0,23.6,19.62,45.68,-24.65000000000003,50.70333333333334
292.81,0.23,-2.79,9.25,37.24,95.0,23.6,19.74,44.28,-16.50000000000003,50.300000000000004
292.85,0.35,-2.19,8.76,37.24,95.0,23.6,20.44,44.62,-6.723333333333362,48.28666666666667
292.89,0.41,-1.39,9.31,37.24,95.0,23.6,20.21,44.28,0.6099999999999716,44.663333333333334
292.93,0.14,-0.9,8.96,37.24,95.0,23.6,20.09,46.04,9.163333333333306,39.83333333333334
292.97,0.23,-0.89,9.01,37.24,95.0,23.6,20.44,44.28,16.903333333333304,31.783333333333342
293.01,0.17,-1.12,9.05,37.24,95.0,23.6,19.86,46.04,25.863333333333305,25.343333333333344
293.05,0.22,-0.59,8.8,37.24,95.0,23.6,19.86,45.68,34.41999999999997,18.096666666666675
293.09,0.27,-0.23,9.17,37.24,95.0,23.6,19.39,46.04,41.346666666666636,12.056666666666674
293.13,0.11,0.67,9.07,37.24,95.0,23.6,20.09,44.62,47.86666666666664,3.196666666666674
293.17,0.24,1.04,8.65,37.24,95.0,23.6,19.86,44.62,53.159999999999975,-5.259999999999993
293.21,0.13,0.97,8.68,37.24,95.0,23.6,19.39,45.32,55.19666666666664,-13.713333333333326
293.25,0.04,1.17,9.16,37.24,95.0,23.6,19.86,46.41,53.97333333333331,-20.153333333333325
293.29,0.1,1.02,9.06,37.24,95.0,23.6,17.13,44.62,51.93666666666664,-24.98333333333333
293.33,0.38,1.67,9.3,37.24,95.0,23.6,19.62,45.32,49.489999999999974,-30.219999999999995
293.37,0.14,3.4,9.23,37.24,95.0,23.6,19.39,45.68,48.269999999999975,-35.85666666666666
293.41,0.45,3.28,9.3,37.24,95.0,23.6,20.79,44.62,45.419999999999966,-41.49333333333333
293.45,0.11,2.48,9.26,37.24,95.0,23.6,20.44,44.62,44.19999999999997,-44.71333333333333
293.49,0.12,1.44,9.45,37.24,95.0,23.6,20.21,44.62,40.123333333333306,-47.93333333333333
293.53,-0.02,1.62,9.4,37.24,95.0,23.6,19.97,44.97,35.63999999999997,-50.349999999999994
293.57,0.2,3.05,9.37,37.24,95.0,23.6,19.86,47.92,30.343333333333305,-51.15333333333333
293.61,0.28,3.14,8.84,37.24,95.0,23.6,19.39,47.92,24.639999999999976,-49.946666666666665
293.65,-0.21,1.78,9.76,37.24,95.0,23.6,20.09,46.04,19.753333333333305,-46.32333333333332
293.69,-0.34,0.79,9.41,37.24,95.0,23.6,20.44,44.28,14.863333333333308,-41.89666666666666
293.73,0.33,0.76,9.51,37.24,95.0,23.6,20.09,46.04,9.97666666666664,-34.24666666666666
293.77,0.51,0.3,9.45,37.24,95.0,23.6,19.86,47.92,4.679999999999974,-24.98666666666666
293.81,0.69,0.13,9.35,37.24,95.0,23.6,20.21,46.04,-3.0600000000000267,-12.50666666666666
293.85,0.45,-0.77,9.05,37.24,95.0,23.6,20.56,46.41,-9.170000000000025,-3.2466666666666613
293.89,0.37,-1.96,9.03,37.24,95.0,23.6,19.86,46.41,-18.540000000000024,6.820000000000005
293.93,0.09,-2.0,8.63,37.24,95.0,23.6,20.56,44.62,-25.87333333333336,15.680000000000007
293.97,0.41,-2.43,8.34,37.24,95.0,23.6,19.86,44.97,-37.28000000000003,25.343333333333344
294.01,0.47,-1.93,8.79,37.24,95.0,23.6,19.86,46.04,-46.650000000000034,34.20000000000001
294.05,0.67,-2.1,8.58,37.24,95.0,23.6,20.32,46.04,-56.833333333333364,40.23666666666667
294.09,0.38,-3.95,9.39,37.24,95.0,23.6,19.62,46.04,-62.946666666666694,47.48333333333334
294.13,0.35,-4.03,9.26,37.24,95.0,23.6,20.09,46.04,-67.42666666666669,51.51
294.17,0.72,-4.03,9.45,37.24,95.0,23.6,19.62,46.04,-66.20333333333336,55.53666666666667
294.21,0.58,-3.78,9.26,37.24,95.0,23.6,20.21,45.68,-60.09000000000003,56.34000000000001
294.25,0.27,-3.4,9.34,37.24,95.0,23.6,20.09,45.32,-49.09000000000003,55.13
294.29,0.44,-3.23,9.15,37.24,95.0,23.6,19.86,45.32,-40.13000000000003,51.50666666666668
294.33,0.5,-2.87,8.22,37.24,95.0,23.6,19.39,44.97,-33.613333333333365,49.09333333333334
294.37,0.32,-3.39,8.73,37.24,95.0,23.6,21.59,44.62,-26.690000000000026,49.09333333333334
294.41,0.11,-2.95,8.85,37.24,95.0,23.6,19.86,46.04,-19.76333333333336,48.29
294.45,0.11,-1.9,8.83,37.24,95.0,23.6,20.44,44.28,-11.206666666666694,45.06666666666667
294.49,0.39,-1.36,9.2,37.24,95.0,23.6,18.45,45.68,-2.6500000000000283,42.25000000000001
294.53,0.12,-0.93,8.83,37.24,95.0,23.6,19.86,45.32,7.126666666666638,37.01333333333334
294.57,0.21,-1.24,9.07,37.24,95.0,23.6,19.62,45.68,15.679999999999971,33.793333333333344
294.61,0.23,-1.35,9.04,37.24,95.0,23.6,20.44,44.62,22.19666666666664,27.75333333333334
294.65,0.23,-0.87,9.03,37.24,95.0,23.6,20.21,45.68,29.93666666666664,24.130000000000006
294.69,0.25,-0.28,9.1,37.24,95.0,23.6,20.09,46.04,38.08333333333331,14.46666666666667
294.73,0.06,0.48,8.97,37.24,95.0,23.6,21.36,44.62,44.6033333333333,6.013333333333338
294.77,-0.15,0.69,9.03,37.24,95.0,23.6,19.62,45.68,48.26999999999996,-1.636666666666662
294.81,0.07,0.82,8.99,37.24,95.0,23.6,20.9,44.62,50.306666666666636,-6.869999999999995
294.85,-0.23,0.65,9.21,37.24,95.0,23.6,20.09,46.04,52.343333333333305,-15.326666666666663
294.89,0.05,0.8,9.06,37.24,95.0,23.6,19.74,44.28,51.52999999999997,-23.376666666666665
294.93,-0.0,1.8,9.11,37.24,95.0,23.6,20.56,44.62,51.123333333333306,-30.22
294.97,0.07,3.54,9.19,37.24,95.0,23.6,20.21,44.28,48.269999999999975,-34.64666666666666
295.01,0.24,3.01,9.34,37.24,95.0,23.6,20.09,46.04,46.2333333333333,-41.089999999999996
295.05,0.37,2.71,9.0,37.24,95.0,23.6,19.62,45.68,43.383333333333304,-45.11666666666667
295.09,0.21,1.36,9.1,37.24,95.0,23.6,19.51,45.68,42.57,-48.74
295.13,0.2,1.87,9.3,37.24,95.0,23.6,20.56,47.92,40.939999999999976,-51.556666666666665
295.17,0.12,3.21,9.02,37.24,95.0,23.6,20.21,44.62,37.67999999999997,-54.776666666666664
295.21,0.59,3.53,9.06,37.24,95.0,23.6,19.86,45.32,32.383333333333304,-55.583333333333336
295.25,0.2,1.66,8.93,37.24,95.0,23.6,20.44,44.28,25.049999999999972,-51.15666666666666
295.29,-0.05,1.94,8.98,37.24,95.0,23.6,19.39,47.15,18.123333333333303,-42.703333333333326
295.33,0.53,0.88,9.36,37.24,95.0,23.6,19.86,45.68,10.78999999999997,-33.84666666666666
295.37,0.8,0.8,9.27,37.24,95.0,23.6,19.62,45.68,5.493333333333305,-23.779999999999998
295.41,0.44,0.29,9.45,37.24,95.0,23.6,20.09,44.62,0.19999999999997145,-14.519999999999996
295.45,0.24,-0.33,8.93,37.24,95.0,23.6,20.32,46.04,-7.133333333333361,-4.856666666666662
295.49,-0.17,-1.5,8.74,37.24,95.0,23.6,20.09,44.62,-14.056666666666695,5.210000000000005
295.53,-0.31,-1.84,8.99,37.24,95.0,23.6,19.86,45.68,-25.05666666666669,14.066666666666672
295.57,0.03,-2.12,8.54,37.24,95.0,23.6,19.86,46.04,-34.4266666666667,24.536666666666672
295.61,0.29,-2.44,9.02,37.24,95.0,23.6,19.86,46.04,-46.24333333333336,32.18333333333334
295.65,0.65,-3.34,8.64,37.24,95.0,23.6,20.56,46.04,-53.57666666666669,38.62666666666667
295.69,0.56,-3.64,8.8,37.24,95.0,23.6,19.97,44.62,-60.09333333333336,45.06666666666667
295.73,-0.13,-3.43,8.99,37.24,95.0,23.6,20.44,44.62,-63.35000000000003,50.30333333333334
295.77,0.3,-3.52,8.75,37.24,95.0,23.6,20.44,44.62,-63.35000000000003,54.73333333333334
295.81,0.3,-3.68,9.48,37.24,95.0,23.6,20.32,44.97,-60.500000000000036,54.73333333333333
295.85,0.32,-3.13,9.15,37.24,95.0,23.6,20.56,45.68,-51.946666666666694,52.720000000000006
295.89,0.35,-2.94,8.99,37.24,95.0,23.6,21.02,46.41,-42.576666666666696,51.51000000000001
295.93,0.35,-2.82,8.82,37.24,95.0,23.6,19.74,44.28,-33.613333333333365,50.70333333333334
295.97,0.27,-3.64,8.81,37.24,95.0,23.6,21.02,46.04,-24.650000000000034,50.300000000000004
296.01,0.13,-2.97,9.05,37.24,95.0,23.6,19.39,45.32,-16.503333333333366,46.67666666666668
296.05,0.15,-2.19,8.88,37.24,95.0,23.6,20.56,44.62,-8.3566666666667,45.470000000000006
296.09,0.59,-1.1,8.9,37.24,95.0,23.6,20.44,44.28,-1.4300000000000332,41.443333333333335
296.13,0.37,-0.92,9.16,37.24,95.0,23.6,20.09,46.04,3.4599999999999667,39.43000000000001
296.17,0.27,-1.44,9.23,37.24,95.0,23.6,20.44,44.28,12.423333333333298,31.780000000000005
296.21,0.37,-1.5,9.17,37.24,95.0,23.6,19.86,46.04,18.5333333333333,26.950000000000003
296.25,0.13,-1.1,9.07,37.24,95.0,23.6,20.21,44.28,27.903333333333297,21.71666666666667
296.29,0.18,-0.4,9.05,37.24,95.0,23.6,20.56,44.62,36.04999999999996,17.290000000000006
296.33,0.34,0.52,9.17,37.24,95.0,23.6,19.15,46.04,43.789999999999964,8.833333333333337
296.37,0.23,0.92,9.16,37.24,95.0,23.6,19.97,44.62,49.493333333333304,1.183333333333338
296.41,0.41,0.77,9.2,37.24,95.0,23.6,19.86,45.68,52.346666666666636,-7.676666666666662
296.45,0.6,0.03,9.45,37.24,95.0,23.6,20.21,44.97,54.789999999999964,-14.116666666666662
296.49,0.59,0.32,9.37,37.24,95.0,23.6,19.86,46.04,53.9733333333333,-21.36333333333333
296.53,0.24,1.43,9.12,37.24,95.0,23.6,22.28,45.32,53.566666666666634,-29.009999999999994
296.57,0.4,2.98,9.4,37.24,95.0,23.6,20.09,44.62,52.7533333333333,-35.85666666666666
296.61,0.34,3.16,9.21,37.24,95.0,23.6,19.51,45.32,49.9033333333333,-42.699999999999996
296.65,0.28,3.09,9.33,37.24,95.0,23.6,20.09,46.04,46.23666666666664,-47.93666666666667
296.69,0.39,1.77,9.11,37.24,95.0,23.6,20.09,44.62,42.57,-50.75333333333333
296.73,0.28,1.73,9.02,37.24,95.0,23.6,20.32,46.04,39.30999999999997,-53.97333333333333
296.77,0.48,2.53,9.31,37.24,95.0,23.6,20.21,44.97,34.0133333333333,-53.166666666666664
296.81,0.31,3.66,9.54,37.24,95.0,23.6,20.56,44.62,28.71666666666663,-51.556666666666665
296.85,0.62,2.52,9.17,37.24,95.0,23.6,19.86,47.92,23.826666666666636,-45.919999999999995
296.89,0.52,1.55,8.78,37.24,95.0,23.6,20.44,45.68,18.936666666666635,-39.48
296.93,0.12,0.29,9.14,37.24,95.0,23.6,20.56,44.28,12.826666666666634,-31.426666666666666
296.97,0.23,0.56,9.09,37.24,95.0,23.6,19.39,46.04,8.346666666666634,-23.37666666666666
297.01,-0.06,0.95,8.71,37.24,95.0,23.6,20.44,44.62,2.236666666666633,-14.51666666666666
297.05,0.06,0.12,8.81,37.24,95.0,23.6,20.21,44.28,-5.0966666666667,-5.2566666666666615
297.09,-0.05,-1.28,8.85,37.24,95.0,23.6,20.09,46.78,-14.873333333333365,2.7966666666666717
297.13,0.07,-2.03,8.91,37.24,95.0,23.6,20.09,45.68,-23.020000000000035,11.250000000000005
297.17,0.21,-2.17,9.01,37.24,95.0,23.6,20.32,45.68,-33.20333333333337,20.106666666666673
297.21,0.12,-2.74,8.82,37.24,95.0,23.6,20.21,44.62,-40.5366666666667,28.160000000000007
297.25,0.02,-2.75,8.18,37.24,95.0,23.6,19.62,45.32,-49.9066666666667,37.42000000000001
297.29,0.17,-2.97,8.58,37.24,95.0,23.6,19.86,46.78,-57.24000000000003,43.05666666666667
297.33,0.41,-3.35,9.01,37.24,95.0,23.6,20.09,46.04,-64.1666666666667,48.69
297.37,0.15,-4.18,9.25,37.24,95.0,23.6,19.97,45.68,-67.02000000000004,51.910000000000004
297.41,0.1,-4.22,9.13,37.24,95.0,23.6,20.32,44.62,-62.133333333333375,52.71333333333334
297.45,0.25,-3.47,8.95,37.24,95.0,23.6,19.62,47.92,-54.80000000000003,53.92333333333334
297.49,0.5,-3.34,9.2,37.24,95.0,23.6,19.62,45.68,-44.613333333333365,53.52333333333333
297.53,0.46,-3.24,9.07,37.24,95.0,23.6,19.39,46.04,-38.09333333333337,54.73333333333334
297.57,0.3,-3.1,8.81,37.24,95.0,23.6,19.62,48.32,-31.573333333333366,53.123333333333335
297.61,0.25,-3.25,8.9,37.24,95.0,23.6,19.62,46.04,-24.240000000000034,49.5
297.65,-0.11,-2.44,9.16,37.24,95.0,23.6,20.21,44.28,-15.686666666666698,46.68000000000001
297.69,0.29,-1.73,9.36,37.24,95.0,23.6,19.62,45.68,-5.910000000000033,44.666666666666664
297.73,0.53,-0.97,9.04,37.24,95.0,23.6,20.56,46.04,3.049999999999967,39.833333333333336
297.77,0.39,-1.18,8.84,37.24,95.0,23.6,20.09,46.04,11.196666666666635,34.60000000000001
297.81,0.12,-1.29,9.05,37.24,95.0,23.6,20.09,46.04,20.159999999999968,27.75333333333334
297.85,0.11,-1.26,8.87,37.24,95.0,23.6,20.32,44.62,29.123333333333296,23.32666666666667
297.89,0.24,-0.53,9.04,37.24,95.0,23.6,20.44,45.68,37.679999999999964,17.690000000000005
297.93,0.39,0.23,9.13,37.24,95.0,23.6,20.21,45.68,43.3833333333333,12.45666666666667
297.97,0.12,1.06,9.49,37.24,95.0,23.6,20.9,45.32,49.08666666666662,5.610000000000004
298.01,0.27,1.06,9.07,37.24,95.0,23.6,20.09,46.04,51.93666666666663,-3.246666666666662
298.05,0.15,0.61,9.12,37.24,95.0,23.6,20.67,46.04,55.603333333333296,-11.699999999999996
298.09,0.08,0.57,8.9,37.24,95.0,23.6,20.09,46.04,53.566666666666634,-19.349999999999994
298.13,0.17,1.05,9.06,37.24,95.0,23.6,20.09,46.04,52.7533333333333,-26.999999999999996
298.17,0.07,2.63,9.16,37.24,95.0,23.6,19.62,46.04,48.67666666666663,-33.84333333333333
298.21,0.34,3.31,9.21,37.24,95.0,23.6,20.32,45.68,47.45333333333329,-41.49
298.25,0.25,3.27,9.32,37.24,95.0,23.6,20.44,44.62,46.639999999999965,-45.51666666666666
298.29,0.16,1.45,9.26,37.24,95.0,23.6,20.67,44.62,43.789999999999964,-50.349999999999994
298.33,0.24,1.97,8.64,37.24,95.0,23.6,20.21,44.28,40.1233333333333,-51.56
298.37,0.18,2.76,9.07,37.24,95.0,23.6,20.56,44.62,35.23333333333329,-52.76666666666667
298.41,0.34,3.07,9.63,37.24,95.0,23.6,20.44,44.28,31.56666666666663,-53.169999999999995
298.45,0.31,2.58,9.26,37.24,95.0,23.6,20.21,45.68,28.71666666666663,-49.54666666666666
298.49,0.38,1.03,9.55,37.24,95.0,23.6,19.97,44.28,22.199999999999964,-45.11666666666667
298.53,-0.2,1.14,9.47,37.24,95.0,23.6,20.09,47.92,16.089999999999964,-35.453333333333326
298.57,0.02,0.85,9.42,37.24,95.0,23.6,19.62,45.32,7.533333333333299,-27.399999999999995
298.61,-0.02,0.75,9.07,37.24,95.0,23.6,19.74,44.97,1.0133333333332974,-17.739999999999995
298.65,0.33,0.04,9.03,37.24,95.0,23.6,19.97,44.28,-5.506666666666703,-10.493333333333329
298.69,0.46,-1.44,9.02,37.24,95.0,23.6,20.44,44.62,-12.023333333333369,-0.026666666666661953
298.73,0.53,-2.2,9.43,37.24,95.0,23.6,20.44,44.28,-19.763333333333367,9.233333333333338
298.77,0.54,-2.31,9.06,37.24,95.0,23.6,19.62,48.32,-29.946666666666705,20.10333333333334
298.81,0.52,-2.13,8.63,37.24,95.0,23.6,20.09,46.04,-40.130000000000045,26.950000000000006
298.85,0.1,-3.01,8.95,37.24,95.0,23.6,19.86,46.04,-49.9066666666667,35.40666666666667
298.89,-0.25,-2.37,7.84,37.24,95.0,23.6,19.51,45.68,-56.83333333333337,42.65333333333334
298.93,0.17,-4.66,9.57,37.24,95.0,23.6,20.44,43.28,-60.500000000000036,48.28666666666667
298.97,0.17,-4.06,8.71,37.24,95.0,23.6,20.9,44.62,-63.76000000000004,51.50666666666667
299.01,0.32,-4.04,9.19,37.24,95.0,23.6,19.62,46.04,-62.94333333333338,53.52000000000001
299.05,0.11,-3.67,9.62,37.24,95.0,23.6,19.74,45.68,-59.6866666666667,55.53333333333334
299.09,0.6,-3.48,9.73,37.24,95.0,23.6,20.44,44.28,-49.910000000000046,54.72666666666668
299.13,0.53,-3.15,9.49,37.24,95.0,23.6,20.21,45.68,-40.133333333333375,52.71333333333334
299.17,0.33,-2.91,8.65,37.24,95.0,23.6,20.09,46.04,-32.80000000000004,50.30000000000001
299.21,0.11,-3.3,8.97,37.24,95.0,23.6,19.97,44.62,-23.43000000000004,49.09333333333334
299.25,0.2,-2.74,8.89,37.24,95.0,23.6,20.21,45.68,-14.060000000000038,47.88666666666668
299.29,0.19,-1.72,8.99,37.24,95.0,23.6,19.86,46.04,-5.096666666666705,45.470000000000006
299.33,0.2,-1.11,9.73,37.24,95.0,23.6,20.09,46.04,1.829999999999962,41.443333333333335
299.37,0.22,-1.04,9.06,37.24,95.0,23.6,19.39,46.04,7.533333333333296,36.613333333333344
299.41,0.19,-1.35,9.14,37.24,95.0,23.6,20.21,44.28,16.08999999999996,32.58666666666667
299.45,0.16,-1.43,8.98,37.24,95.0,23.6,20.9,46.78,25.45999999999996,28.160000000000007
299.49,0.14,-0.79,8.99,37.24,95.0,23.6,19.62,45.68,34.4233333333333,22.120000000000008
299.53,0.4,0.2,8.87,37.24,95.0,23.6,19.97,44.28,42.569999999999965,12.056666666666674
299.57,0.54,0.81,9.17,37.24,95.0,23.6,20.32,46.04,45.41999999999996,3.600000000000007
299.61,0.28,0.96,9.39,37.24,95.0,23.6,19.86,47.92,48.26999999999996,-3.6466666666666594
299.65,0.69,0.6,9.49,37.24,95.0,23.6,20.21,45.68,49.899999999999956,-8.479999999999992
299.69,-0.26,0.4,9.51,37.24,95.0,23.6,19.39,44.97,51.529999999999966,-16.529999999999994
299.73,0.0,1.18,9.08,37.24,95.0,23.6,19.97,45.68,51.529999999999966,-24.179999999999993
299.77,0.05,1.67,9.52,37.24,95.0,23.6,20.9,44.28,50.71333333333329,-33.03666666666666
299.81,0.26,3.52,9.29,37.24,95.0,23.6,20.09,46.04,49.08333333333329,-38.673333333333325
299.85,0.29,3.24,9.4,37.24,95.0,23.6,20.09,46.04,46.63999999999996,-43.90666666666666
299.89,0.16,2.22,9.13,37.24,95.0,23.6,19.86,45.32,42.56666666666663,-47.93333333333333
299.93,-0.02,1.53,9.24,37.24,95.0,23.6,21.82,43.94,41.34666666666663,-51.96
299.97,0.24,2.18,9.24,37.24,95.0,23.6,21.36,44.28,37.67999999999996,-54.779999999999994
300.01,0.28,3.32,9.11,37.24,95.0,23.6,17.85,45.68,33.60666666666663,-53.56999999999999
300.05,0.19,3.23,9.14,37.24,95.0,23.6,20.44,44.28,28.309999999999963,-51.96
300.09,0.01,1.33,9.11,37.24,95.0,23.6,20.09,46.04,23.41999999999996,-47.529999999999994
300.13,-0.42,0.25,8.83,37.24,95.0,23.6,20.32,46.04,17.71666666666663,-40.28333333333333
300.17,0.13,0.63,9.3,37.24,95.0,23.6,20.9,45.68,9.97666666666663,-31.023333333333326
300.21,0.28,0.38,9.48,37.24,95.0,23.6,19.62,46.04,3.459999999999962,-20.55666666666666
300.25,0.43,-0.06,9.25,37.24,95.0,23.6,21.13,45.68,-4.2800000000000376,-11.69999999999999
300.29,0.24,-1.1,8.99,37.24,95.0,23.6,19.62,47.92,-9.983333333333372,-1.6366666666666596
300.33,0.18,-1.73,9.0,37.24,95.0,23.6,17.85,45.68,-17.723333333333372,8.026666666666673
300.37,-0.16,-2.42,8.84,37.24,95.0,23.6,20.56,44.62,-25.870000000000044,18.493333333333343
300.41,-0.36,-1.64,8.6,37.24,95.0,23.6,20.21,45.68,-36.463333333333374,28.156666666666677
300.45,-0.03,-1.91,8.44,37.24,95.0,23.6,20.21,45.68,-44.61333333333337,35.80666666666667
300.49,-0.19,-3.61,10.17,37.24,95.0,23.6,19.97,44.28,-52.353333333333374,39.83333333333334
300.53,-0.07,-3.67,8.99,37.24,95.0,23.6,19.62,45.32,-59.2766666666667,44.66666666666668
300.57,-0.32,-4.33,9.41,37.24,95.0,23.6,19.62,46.04,-65.38666666666671,48.69333333333335
300.61,-0.23,-2.94,8.46,37.24,95.0,23.6,20.09,46.41,-65.79666666666671,52.720000000000006
300.65,-0.25,-3.17,8.8,37.24,95.0,23.6,20.21,44.97,-62.54000000000004,55.13333333333335
300.69,0.24,-3.0,9.01,37.24,95.0,23.6,20.44,44.28,-54.39000000000004,54.73
300.73,0.03,-3.4,9.87,37.24,95.0,23.6,22.17,46.04,-46.240000000000045,54.73000000000001
300.77,0.28,-3.93,9.42,37.24,95.0,23.6,20.56,44.28,-36.05333333333338,54.330000000000005
300.81,0.18,-3.34,9.09,37.24,95.0,23.6,20.44,46.04,-27.093333333333373,51.913333333333334
300.85,0.11,-3.08,9.13,37.24,95.0,23.6,19.86,46.04,-18.54000000000004,48.69333333333335
300.89,0.29,-2.11,9.12,37.24,95.0,23.6,19.86,46.04,-11.206666666666704,43.45666666666667
300.93,0.48,-1.55,9.72,37.24,95.0,23.6,20.21,44.97,-4.2800000000000376,41.443333333333335
300.97,0.67,-0.6,8.75,37.24,95.0,23.6,20.56,46.04,4.683333333333295,37.01333333333334
301.01,0.51,-1.03,8.99,37.24,95.0,23.6,19.86,46.04,12.829999999999963,33.39000000000001
301.05,0.31,-1.24,8.93,37.24,95.0,23.6,19.86,46.04,22.606666666666626,26.14333333333334
301.09,0.21,-0.94,9.0,37.24,95.0,23.6,20.21,45.68,31.159999999999958,20.910000000000007
301.13,0.16,-0.2,9.0,37.24,95.0,23.6,20.21,45.68,40.93666666666663,14.066666666666675
301.17,0.04,0.63,9.37,37.24,95.0,23.6,20.09,45.32,48.26999999999996,7.22333333333334
301.21,0.42,0.73,8.79,37.24,95.0,23.6,19.86,44.62,53.56666666666663,-2.843333333333326
301.25,0.06,0.91,9.28,37.24,95.0,23.6,19.62,46.04,53.56666666666663,-10.493333333333327
301.29,0.71,0.04,8.81,37.24,95.0,23.6,20.09,46.04,52.749999999999964,-18.54666666666666
301.33,-0.13,0.38,9.56,37.24,95.0,23.6,19.97,44.97,49.899999999999956,-23.37666666666666
301.37,0.02,1.65,9.27,37.24,95.0,23.6,19.97,44.62,49.49333333333329,-29.816666666666663
301.41,0.25,3.18,9.41,37.24,95.0,23.6,20.67,46.04,49.08666666666662,-35.453333333333326
301.45,0.27,3.17,9.44,37.24,95.0,23.6,19.86,46.04,47.04999999999996,-41.49333333333333
301.49,0.24,2.49,9.39,37.24,95.0,23.6,21.59,46.04,45.41999999999996,-47.93666666666666
301.53,0.17,1.42,9.21,37.24,95.0,23.6,20.21,44.28,40.1233333333333,-50.75333333333333
301.57,0.28,1.72,9.36,37.24,95.0,23.6,20.44,44.62,38.08333333333329,-51.96
301.61,0.43,2.81,9.76,37.24,95.0,23.6,20.56,44.62,34.41666666666663,-51.96
301.65,0.45,3.26,9.44,37.24,95.0,23.6,19.86,45.68,30.343333333333295,-52.36333333333332
301.69,0.44,1.54,9.41,37.24,95.0,23.6,19.62,44.97,24.63999999999996,-48.73999999999999
301.73,0.42,1.46,8.62,37.24,95.0,23.6,18.8,45.68,17.30666666666663,-42.699999999999996
301.77,0.05,0.85,8.7,37.24,95.0,23.6,20.21,44.28,12.013333333333295,-32.633333333333326
301.81,0.58,0.25,9.61,37.24,95.0,23.6,19.74,44.62,7.939999999999962,-22.969999999999988
301.85,0.57,1.27,8.93,37.24,95.0,23.6,20.21,46.04,1.016666666666629,-12.503333333333325
301.89,0.47,-0.21,8.99,37.24,95.0,23.6,19.62,46.04,-6.726666666666705,-1.6333333333333264
301.93,0.54,-1.72,9.14,37.24,95.0,23.6,20.67,45.68,-16.096666666666703,6.820000000000007
301.97,1.0,-2.58,9.25,37.24,95.0,23.6,19.62,46.41,-24.24666666666671,14.87333333333334
302.01,0.29,-1.35,9.22,37.24,95.0,23.6,20.67,46.04,-31.986666666666707,22.52333333333334
302.05,0.64,-1.75,8.85,37.24,95.0,23.6,19.86,45.68,-42.5766666666667,30.173333333333343
302.09,0.23,-2.3,8.69,37.24,95.0,23.6,20.56,46.04,-50.723333333333365,36.61333333333334
302.13,0.97,-4.19,8.94,37.24,95.0,23.6,19.62,46.04,-59.68333333333337,41.84666666666667
302.17,0.09,-3.79,8.99,37.24,95.0,23.6,20.09,46.04,-63.350000000000044,45.873333333333335
302.21,0.1,-2.77,8.56,37.24,95.0,23.6,20.21,45.68,-64.16333333333337,51.913333333333334
302.25,0.31,-2.97,8.12,37.24,95.0,23.6,20.21,44.97,-61.72000000000005,54.330000000000005
302.29,0.17,-2.93,9.16,37.24,95.0,23.6,20.21,44.28,-57.240000000000045,56.74333333333334
302.33,0.31,-2.56,8.72,37.24,95.0,23.6,20.44,44.62,-49.910000000000046,55.53666666666667
302.37,0.32,-3.23,9.0,37.24,95.0,23.6,21.02,46.04,-38.91000000000004,53.52333333333334
302.41,0.2,-3.49,9.58,37.24,95.0,23.6,20.09,46.04,-29.13333333333338,51.11000000000001
302.45,0.31,-3.34,9.07,37.24,95.0,23.6,19.62,47.92,-19.763333333333378,49.900000000000006
302.49,0.17,-2.6,9.19,37.24,95.0,23.6,20.09,44.62,-10.393333333333375,49.09333333333334
302.53,0.2,-1.15,9.23,37.24,95.0,23.6,20.21,46.04,-1.8366666666667095,45.870000000000005
302.57,0.44,-0.43,8.83,37.24,95.0,23.6,19.86,44.62,8.756666666666623,39.02666666666667
302.61,0.21,-1.05,9.07,37.24,95.0,23.6,20.09,46.04,16.089999999999957,32.183333333333344
302.65,0.25,-1.33,9.23,37.24,95.0,23.6,19.86,45.32,24.64333333333329,26.146666666666672
302.69,0.18,-1.13,9.13,37.24,95.0,23.6,20.21,43.28,29.93999999999996,20.106666666666673
302.73,0.26,-0.63,9.07,37.24,95.0,23.6,19.97,45.68,35.23333333333329,14.470000000000004
302.77,0.25,0.33,9.04,37.24,95.0,23.6,20.9,44.28,40.52999999999995,6.416666666666671
302.81,0.25,0.77,9.23,37.24,95.0,23.6,17.25,44.62,46.23333333333329,0.38000000000000494
302.85,0.19,1.06,9.4,37.24,95.0,23.6,19.62,45.68,49.899999999999956,-6.866666666666663
302.89,-0.27,0.64,9.6,37.24,95.0,23.6,20.44,46.04,53.56666666666663,-15.319999999999993
302.93,0.59,0.52,9.57,37.24,95.0,23.6,20.21,45.68,53.56666666666663,-22.16666666666666
302.97,0.35,1.5,8.81,37.24,95.0,23.6,20.09,45.32,53.973333333333294,-29.816666666666663
303.01,0.39,2.86,9.42,37.24,95.0,23.6,20.21,45.68,51.93666666666663,-33.44
303.05,0.38,2.99,9.45,37.24,95.0,23.6,20.09,46.04,49.899999999999956,-41.086666666666666
303.09,0.17,2.91,9.32,37.24,95.0,23.6,20.44,44.62,47.45666666666663,-45.51666666666666
303.13,0.18,2.04,9.33,37.24,95.0,23.6,19.62,45.68,45.826666666666625,-48.74
303.17,0.28,1.95,9.25,37.24,95.0,23.6,20.44,44.28,41.74999999999995,-51.156666666666666
303.21,0.3,2.47,9.46,37.24,95.0,23.6,20.32,45.68,36.45333333333329,-52.76666666666666
303.25,-0.06,3.97,9.19,37.24,95.0,23.6,19.74,45.32,29.11999999999996,-53.56999999999999
303.29,0.38,2.07,9.1,37.24,95.0,23.6,19.86,45.32,24.639999999999958,-50.35
303.33,0.54,1.58,8.79,37.24,95.0,23.6,20.21,44.62,19.346666666666625,-44.71333333333333
303.37,0.2,0.41,8.71,37.24,95.0,23.6,19.62,45.32,14.459999999999956,-34.64999999999999
303.41,0.21,1.06,8.48,37.24,95.0,23.6,20.21,44.28,6.719999999999957,-22.97333333333333
303.45,0.29,0.96,9.15,37.24,95.0,23.6,19.62,45.68,0.6066666666666242,-11.296666666666662
303.49,0.28,0.12,8.83,37.24,95.0,23.6,20.21,44.28,-7.5433333333333765,-2.4399999999999955
303.53,0.07,-1.55,8.89,37.24,95.0,23.6,20.9,44.62,-15.283333333333376,5.210000000000004
303.57,0.55,-2.11,8.88,37.24,95.0,23.6,19.39,46.04,-24.653333333333375,13.260000000000005
303.61,0.57,-2.43,8.81,37.24,95.0,23.6,20.9,44.62,-34.020000000000046,20.910000000000007
303.65,0.34,-2.33,9.37,37.24,95.0,23.6,19.62,46.04,-42.98333333333338,30.570000000000004
303.69,0.97,-3.23,8.52,37.24,95.0,23.6,20.44,44.62,-49.500000000000036,37.82
303.73,0.25,-3.14,8.91,37.24,95.0,23.6,20.44,44.62,-55.203333333333376,45.47
303.77,0.74,-4.02,9.32,37.24,95.0,23.6,20.09,44.62,-59.68333333333337,49.900000000000006
303.81,0.27,-3.67,8.94,37.24,95.0,23.6,21.59,46.04,-65.38666666666671,51.910000000000004
303.85,0.29,-3.64,8.86,37.24,95.0,23.6,19.97,46.04,-64.57333333333338,52.31333333333333
303.89,0.44,-3.42,9.03,37.24,95.0,23.6,20.32,45.68,-60.500000000000036,53.52
303.93,0.23,-2.76,9.14,37.24,95.0,23.6,20.09,46.41,-49.500000000000036,52.71666666666667
303.97,0.28,-2.98,9.12,37.24,95.0,23.6,19.62,46.04,-40.536666666666704,52.71666666666667
304.01,0.08,-3.64,9.63,37.24,95.0,23.6,19.62,46.04,-31.573333333333377,50.30333333333334
304.05,0.24,-3.35,9.06,37.24,95.0,23.6,19.27,45.68,-23.833333333333375,51.106666666666676
304.09,0.22,-2.42,9.09,37.24,95.0,23.6,19.97,44.28,-13.650000000000041,47.080000000000005
304.13,0.57,-2.11,9.02,37.24,95.0,23.6,19.86,46.04,-5.096666666666709,43.856666666666676
304.17,0.1,-1.12,9.49,37.24,95.0,23.6,19.62,45.32,3.0499999999999567,39.833333333333336
304.21,0.35,-1.14,8.87,37.24,95.0,23.6,20.21,45.68,11.196666666666625,37.01666666666667
304.25,0.07,-1.15,9.19,37.24,95.0,23.6,19.86,46.04,20.159999999999958,32.99333333333335
304.29,0.15,-0.96,9.05,37.24,95.0,23.6,20.56,44.62,29.93666666666662,26.550000000000008
304.33,0.28,-0.63,9.08,37.24,95.0,23.6,20.09,46.04,35.63999999999995,20.510000000000005
304.37,0.35,0.2,9.16,37.24,95.0,23.6,20.44,44.62,43.786666666666626,13.260000000000005
304.41,0.36,0.85,8.88,37.24,95.0,23.6,20.44,44.62,46.23333333333329,6.416666666666671
304.45,-0.13,0.84,9.4,37.24,95.0,23.6,19.62,46.04,50.306666666666615,-2.036666666666662
304.49,0.47,0.82,9.09,37.24,95.0,23.6,20.21,45.68,52.343333333333284,-10.086666666666662
304.53,-0.1,0.78,9.73,37.24,95.0,23.6,19.74,46.04,52.74999999999995,-18.54333333333333
304.57,-0.07,1.7,9.19,37.24,95.0,23.6,22.4,45.68,51.52999999999995,-25.389999999999997
304.61,0.26,2.27,9.39,37.24,95.0,23.6,20.56,46.41,49.49333333333328,-34.24666666666666
304.65,0.29,3.06,9.23,37.24,95.0,23.6,21.94,44.28,50.71333333333329,-41.49333333333333
304.69,0.23,3.03,9.32,37.24,95.0,23.6,20.21,45.68,50.71333333333329,-47.129999999999995
304.73,0.13,2.25,9.21,37.24,95.0,23.6,20.44,44.62,47.45666666666662,-47.93666666666667
304.77,0.28,1.96,9.07,37.24,95.0,23.6,20.79,46.04,41.346666666666614,-48.73999999999999
304.81,0.16,2.02,9.08,37.24,95.0,23.6,20.09,46.04,35.23666666666662,-50.75333333333333
304.85,0.35,2.82,9.3,37.24,95.0,23.6,20.21,44.28,29.53333333333329,-51.556666666666665
304.89,0.26,2.51,8.99,37.24,95.0,23.6,19.39,46.04,24.646666666666622,-50.349999999999994
304.93,-0.2,1.87,9.35,37.24,95.0,23.6,20.21,45.68,19.75666666666662,-43.906666666666666
304.97,0.05,1.09,9.39,37.24,95.0,23.6,19.97,44.28,16.089999999999957,-38.673333333333325
305.01,0.12,-0.27,9.17,37.24,95.0,23.6,22.28,44.28,12.42333333333329,-30.216666666666665
305.05,0.09,0.65,9.02,37.24,95.0,23.6,20.9,44.28,7.126666666666622,-22.566666666666663
305.09,0.09,0.41,9.03,37.24,95.0,23.6,19.62,45.68,-1.4300000000000452,-9.683333333333328
305.13,0.17,-1.14,8.81,37.24,95.0,23.6,21.25,46.04,-10.800000000000045,-0.023333333333328692
305.17,-0.04,-1.83,8.83,37.24,95.0,23.6,19.74,45.68,-18.94666666666671,11.650000000000006
305.21,-0.49,-2.29,8.39,37.24,95.0,23.6,19.62,45.32,-28.723333333333375,18.896666666666672
305.25,-0.41,-2.49,8.91,37.24,95.0,23.6,19.86,46.04,-38.093333333333376,28.96333333333334
305.29,0.22,-2.74,9.15,37.24,95.0,23.6,20.44,46.41,-47.05666666666671,35.00333333333334
305.33,-0.22,-2.83,9.02,37.24,95.0,23.6,19.86,46.41,-54.39000000000004,41.443333333333335
305.37,-0.51,-3.32,8.64,37.24,95.0,23.6,20.32,46.04,-61.31666666666671,46.27333333333334
305.41,0.29,-3.91,8.81,37.24,95.0,23.6,20.32,46.04,-67.02000000000005,50.30000000000001
305.45,0.3,-3.89,9.3,37.24,95.0,23.6,19.97,44.62,-66.20333333333339,54.326666666666675
305.49,0.08,-3.26,8.97,37.24,95.0,23.6,19.51,45.68,-60.09333333333338,55.936666666666675
305.53,0.43,-3.13,8.72,37.24,95.0,23.6,20.56,48.32,-50.31666666666672,55.53333333333334
305.57,0.23,-2.66,8.63,37.24,95.0,23.6,20.21,46.04,-42.57666666666672,53.52000000000001
305.61,0.41,-3.46,8.81,37.24,95.0,23.6,18.45,46.04,-34.83333333333338,50.70333333333334
305.65,0.28,-3.33,9.09,37.24,95.0,23.6,20.09,44.62,-25.05333333333338,49.49666666666667
305.69,0.33,-2.73,8.95,37.24,95.0,23.6,19.62,45.68,-14.870000000000047,48.29
305.73,0.34,-1.74,9.01,37.24,95.0,23.6,20.44,44.28,-5.093333333333381,44.66666666666668
305.77,0.29,-0.94,8.75,37.24,95.0,23.6,20.56,44.62,1.4233333333332858,41.44666666666668
305.81,0.72,-1.31,9.0,37.24,95.0,23.6,20.79,46.04,10.386666666666619,37.01666666666668
305.85,0.51,-1.22,9.06,37.24,95.0,23.6,20.09,46.04,19.34666666666662,32.99
305.89,0.18,-1.22,9.12,37.24,95.0,23.6,19.62,46.04,26.273333333333287,27.75333333333334
305.93,0.07,-0.63,9.01,37.24,95.0,23.6,20.21,45.32,32.78999999999996,20.103333333333342
305.97,0.26,0.07,9.07,37.24,95.0,23.6,19.86,46.41,38.49333333333328,12.453333333333342
306.01,-0.05,0.83,8.95,37.24,95.0,23.6,20.09,44.62,45.82333333333329,4.806666666666675
306.05,0.49,0.56,8.77,37.24,95.0,23.6,19.97,46.04,49.89666666666662,-2.0366666666666595
306.09,-0.15,0.76,9.2,37.24,95.0,23.6,20.44,44.62,53.56333333333328,-8.47666666666666
306.13,0.79,0.09,9.4,37.24,95.0,23.6,20.67,46.04,53.15666666666662,-17.73666666666666
306.17,0.46,0.92,9.26,37.24,95.0,23.6,20.56,44.62,53.97333333333328,-24.983333333333324
306.21,0.28,1.82,9.38,37.24,95.0,23.6,20.09,44.62,51.123333333333285,-31.023333333333326
306.25,0.34,3.59,9.16,37.24,95.0,23.6,19.62,46.04,49.086666666666616,-35.453333333333326
306.29,0.28,3.23,9.21,37.24,95.0,23.6,19.74,44.62,46.63999999999995,-40.68666666666666
306.33,0.05,2.13,9.4,37.24,95.0,23.6,20.56,46.04,44.603333333333275,-47.529999999999994
306.37,0.24,1.45,9.18,37.24,95.0,23.6,19.74,46.41,43.78999999999996,-53.166666666666664
306.41,0.03,2.29,9.29,37.24,95.0,23.6,20.44,44.28,38.903333333333286,-56.386666666666656
306.45,0.07,3.08,9.33,37.24,95.0,23.6,19.97,44.62,34.013333333333286,-55.18
306.49,0.16,3.63,8.89,37.24,95.0,23.6,19.62,46.04,29.529999999999948,-50.349999999999994
306.53,0.15,1.96,8.74,37.24,95.0,23.6,21.13,45.68,25.863333333333284,-45.11666666666665
306.57,0.4,-0.38,9.19,37.24,95.0,23.6,20.67,44.62,19.753333333333284,-37.46666666666666
306.61,0.38,0.6,9.4,37.24,95.0,23.6,18.68,45.32,11.199999999999951,-30.619999999999994
306.65,0.34,0.41,9.36,37.24,95.0,23.6,21.13,45.68,3.866666666666617,-22.166666666666657
306.69,0.36,0.39,9.14,37.24,95.0,23.6,19.62,46.04,-3.4666666666667165,-12.906666666666657
306.73,0.61,-0.89,9.05,37.24,95.0,23.6,19.86,45.68,-11.206666666666715,-4.049999999999993
306.77,0.14,-1.88,8.79,37.24,95.0,23.6,20.09,44.62,-18.54000000000005,6.820000000000007
306.81,0.26,-2.33,8.96,37.24,95.0,23.6,20.21,44.28,-27.09333333333338,16.48333333333334
306.85,0.91,-2.98,9.16,37.24,95.0,23.6,19.86,46.04,-36.870000000000054,26.950000000000006
306.89,0.93,-2.78,9.45,37.24,95.0,23.6,17.97,45.68,-46.646666666666725,35.40666666666667
306.93,0.99,-3.91,8.93,37.24,95.0,23.6,19.62,46.04,-54.38666666666671,42.65333333333334
306.97,0.33,-3.45,8.12,37.24,95.0,23.6,20.32,45.32,-58.46000000000006,46.27666666666668
307.01,0.44,-3.63,8.73,37.24,95.0,23.6,19.86,45.68,-63.35000000000006,48.29
307.05,0.14,-3.61,9.29,37.24,95.0,23.6,20.44,44.62,-62.943333333333385,50.70333333333334
307.09,0.3,-3.83,9.54,37.24,95.0,23.6,19.74,45.68,-61.723333333333386,54.326666666666675
307.13,0.39,-2.99,8.65,37.24,95.0,23.6,19.86,45.32,-54.79666666666672,53.116666666666674
307.17,0.23,-2.73,8.54,37.24,95.0,23.6,19.74,44.28,-45.42666666666671,52.31333333333334
307.21,0.35,-3.06,8.9,37.24,95.0,23.6,19.97,46.04,-34.83333333333338,49.49666666666667
307.25,0.26,-3.6,8.88,37.24,95.0,23.6,19.97,46.04,-23.42666666666672,49.900000000000006
307.29,0.26,-2.83,9.01,37.24,95.0,23.6,20.21,45.32,-16.91000000000005,46.27666666666667
307.33,0.32,-1.78,8.96,37.24,95.0,23.6,19.62,45.32,-8.356666666666719,45.87333333333334
307.37,0.73,-1.39,8.44,37.24,95.0,23.6,20.44,44.62,-0.21000000000005237,43.86000000000001
307.41,0.74,-1.37,9.15,37.24,95.0,23.6,20.9,44.28,8.75333333333328,39.833333333333336
307.45,0.07,-1.35,9.05,37.24,95.0,23.6,19.86,46.04,16.086666666666613,33.793333333333344
307.49,0.04,-1.43,9.26,37.24,95.0,23.6,20.09,46.04,21.78999999999995,26.950000000000006
307.53,0.13,-0.62,9.01,37.24,95.0,23.6,20.32,46.04,29.529999999999944,22.923333333333343
307.57,0.27,0.14,8.83,37.24,95.0,23.6,19.51,45.68,37.269999999999946,16.886666666666674
307.61,0.2,0.87,9.0,37.24,95.0,23.6,20.44,46.04,44.19666666666661,8.430000000000007
